180 179
1 56
2 38
2 157
3 11
3 166
3 120
4 89
4 6
5 102
6 149
7 121
7 63
8 35
8 107
9 141
9 158
10 55
12 78
13 34
14 67
14 73
15 132
15 109
16 100
17 28
18 110
19 76
19 92
19 126
19 162
19 167
19 132
20 149
21 33
21 37
22 110
23 137
24 69
25 154
25 126
26 68
27 176
28 38
29 173
30 61
30 110
31 44
31 112
31 122
31 103
32 79
33 49
33 57
33 84
34 81
34 90
34 150
34 104
35 45
35 80
35 111
36 79
37 102
39 159
40 53
41 93
41 90
42 71
43 121
45 110
46 85
47 131
47 155
48 56
50 153
51 97
51 61
52 65
53 130
54 131
55 116
56 74
56 137
58 156
58 140
59 63
59 104
60 82
62 77
62 102
64 156
65 127
65 172
65 125
66 140
67 176
68 117
68 134
68 161
68 106
69 75
70 71
70 174
71 87
71 106
72 149
73 78
73 128
73 135
73 136
75 164
76 107
77 113
79 129
79 101
81 175
82 151
82 158
83 158
84 114
85 95
85 147
85 121
86 177
88 157
89 104
91 157
94 131
96 177
96 154
98 141
99 101
99 137
100 105
100 164
100 158
102 104
103 174
104 158
104 179
108 114
109 149
114 115
114 169
114 171
116 143
116 144
116 172
117 142
118 176
119 174
120 161
121 153
123 163
124 125
124 140
128 148
130 174
133 180
133 137
136 166
137 140
138 174
138 147
139 174
140 160
141 152
145 155
146 157
146 176
149 172
150 155
153 168
153 178
155 165
155 170
159 172
163 167
173 175
