250 249
1 80
1 185
2 13
3 211
4 12
5 31
6 22
6 52
7 223
7 155
8 123
8 204
8 247
8 126
9 211
9 199
10 32
10 138
11 184
11 18
12 43
12 75
12 149
13 45
13 127
13 121
14 129
15 146
16 242
16 129
17 21
18 19
19 110
20 147
21 116
21 134
21 207
21 26
22 238
23 168
24 187
24 29
25 120
25 53
26 65
27 246
27 230
28 55
29 219
30 88
31 40
31 186
31 250
31 78
32 148
32 152
32 218
33 227
33 235
34 147
35 119
35 64
36 237
36 143
37 139
37 156
38 233
38 232
39 147
39 233
40 230
41 155
42 242
43 86
44 228
44 172
46 172
46 64
47 192
47 195
48 219
48 250
49 139
50 124
50 212
51 210
51 95
52 126
53 161
53 162
53 80
54 138
55 107
55 177
55 178
55 162
56 151
57 101
57 144
57 221
57 216
58 160
58 74
59 174
60 74
61 201
62 138
62 127
63 150
63 193
64 82
64 169
64 158
65 137
65 190
65 244
65 144
66 92
66 87
67 97
67 104
68 217
69 220
69 85
70 77
70 91
71 115
72 184
73 174
74 214
74 243
76 126
76 145
76 153
76 175
76 174
77 88
78 190
79 109
79 120
81 217
83 146
83 125
84 156
84 217
85 146
86 167
87 109
89 118
90 155
91 163
91 189
91 249
91 140
93 176
94 171
95 103
95 202
95 178
96 124
97 149
98 132
98 116
99 155
99 147
100 215
100 179
102 181
104 187
105 216
105 203
106 129
108 115
108 222
110 195
111 179
111 200
112 199
112 239
113 236
113 145
114 148
117 234
117 185
118 230
120 154
120 159
120 173
121 231
122 193
125 135
125 164
125 194
125 246
126 217
126 231
128 235
128 201
129 206
130 226
130 223
131 167
132 229
133 136
135 142
136 196
138 157
140 195
141 143
141 155
142 151
146 208
147 166
150 243
151 168
151 209
157 171
158 198
160 225
165 198
170 239
170 240
173 200
174 188
176 227
177 188
180 238
181 235
182 212
182 183
183 193
191 196
191 230
193 203
193 226
195 230
197 230
198 213
198 207
201 224
201 234
205 236
206 235
210 245
214 241
215 232
222 245
229 248
235 240
