450 449
1 41
1 390
2 372
2 393
2 266
3 32
3 116
3 424
3 265
4 100
5 67
6 361
7 144
8 58
8 276
8 335
8 337
9 14
10 424
11 156
11 230
11 355
11 353
12 27
12 187
13 351
14 226
14 435
14 196
15 328
15 30
16 144
17 444
18 348
19 53
19 124
19 251
19 152
20 351
21 148
21 245
21 273
21 388
22 401
22 119
23 380
24 67
25 119
25 357
26 55
26 69
26 352
26 438
26 333
27 68
28 381
28 448
29 419
30 280
31 88
32 38
32 83
32 412
33 300
33 114
34 270
35 104
36 355
37 248
37 357
39 357
40 78
40 66
41 100
42 295
43 272
44 108
44 312
44 432
44 200
45 217
46 283
46 302
46 326
46 313
47 87
47 169
47 423
47 430
47 330
48 139
49 168
49 376
50 195
51 378
52 197
54 419
54 150
56 156
57 191
59 208
60 150
61 377
61 390
62 166
63 274
64 440
64 154
65 221
65 411
65 413
65 429
66 150
67 293
67 449
70 149
70 151
70 216
70 391
70 320
71 217
72 144
73 188
73 316
73 350
73 331
74 215
74 78
75 222
75 351
76 394
77 95
77 107
77 134
77 252
78 301
78 422
79 218
79 176
80 256
80 125
81 119
82 91
82 159
82 237
82 448
84 357
85 125
85 290
85 334
85 338
85 271
86 308
86 208
88 296
88 397
88 170
89 447
89 226
90 164
92 150
93 184
93 251
94 398
96 113
97 405
98 234
98 349
98 450
98 235
99 102
100 229
100 428
101 106
101 165
101 318
102 277
102 337
102 256
103 324
104 141
104 342
104 439
105 213
105 160
109 398
109 355
110 185
110 114
111 133
112 150
112 398
113 249
113 262
113 394
114 155
114 193
114 344
114 311
115 294
115 423
116 195
116 231
116 403
116 437
117 405
118 340
119 240
120 185
121 444
122 369
123 270
125 289
125 360
126 290
127 271
127 303
128 387
129 282
130 426
130 228
131 272
132 183
132 205
133 287
135 146
136 308
137 399
138 295
139 401
140 380
142 290
143 361
144 366
145 247
146 367
146 415
146 448
147 191
147 247
147 280
147 242
149 399
152 288
153 354
154 373
154 385
154 251
156 180
156 359
157 380
158 261
158 346
158 348
158 400
158 368
160 419
161 323
161 338
162 213
163 185
164 207
164 288
164 333
166 186
166 331
166 218
167 187
170 369
171 324
171 351
172 230
173 174
173 347
173 384
173 320
175 433
176 395
177 197
178 405
179 222
181 268
182 224
182 369
183 282
183 375
183 387
185 232
187 279
187 296
189 253
189 333
190 355
191 243
191 442
192 205
192 223
192 363
192 446
192 407
194 247
196 426
197 210
197 258
198 274
199 291
199 365
199 407
199 228
200 270
200 272
200 303
201 278
201 292
201 370
201 229
202 299
202 406
202 251
203 417
204 371
205 274
205 444
206 268
208 383
208 226
209 375
210 354
211 374
212 238
214 426
215 306
215 388
215 420
216 357
217 254
217 441
219 309
219 447
220 233
220 374
222 314
222 392
224 343
225 280
226 257
226 404
227 376
228 265
228 333
228 246
229 339
229 405
230 421
230 443
233 246
235 437
236 266
236 380
238 315
238 248
239 444
241 385
242 309
244 324
245 371
246 298
246 329
247 325
250 270
251 439
252 295
252 341
252 343
255 378
257 281
257 284
257 382
258 323
259 343
260 426
263 381
264 330
264 361
267 328
268 307
268 283
269 290
272 321
274 319
275 294
280 396
282 317
282 358
285 322
285 431
286 333
287 332
295 414
296 374
297 356
303 313
303 429
303 394
304 345
305 398
308 362
308 408
310 375
311 324
318 450
320 378
320 339
327 354
332 369
334 425
336 378
340 437
341 448
342 380
343 368
345 433
351 430
353 366
354 445
355 389
356 377
358 431
361 366
363 441
364 437
366 433
366 390
369 394
374 427
375 418
376 395
376 404
379 424
386 433
387 402
387 434
390 436
394 419
398 449
409 417
410 437
416 424
417 438
