500 499
1 32
1 87
1 213
1 267
2 57
2 53
3 353
3 378
3 436
3 457
4 82
4 14
5 132
5 269
5 305
5 133
6 177
7 438
7 200
8 222
8 137
9 268
9 318
9 163
10 437
11 477
11 111
12 323
13 324
14 63
14 418
14 433
15 205
16 226
17 366
18 203
19 65
19 155
19 471
19 165
20 61
20 351
20 476
20 274
21 314
22 468
23 478
24 205
25 254
25 274
25 437
25 207
26 263
27 203
28 237
29 372
30 241
31 477
33 410
34 169
34 371
34 379
34 405
35 315
36 480
37 452
38 167
39 368
40 326
41 431
41 300
42 146
42 418
43 167
43 241
43 424
43 104
44 170
45 264
45 307
45 423
46 375
47 286
47 366
47 413
47 312
48 175
49 275
49 289
49 385
49 344
50 189
50 297
50 432
50 482
50 57
51 170
52 56
53 410
53 452
53 271
54 410
55 424
56 294
56 496
56 133
57 121
57 373
57 468
58 101
58 280
58 475
58 479
59 114
59 160
59 399
59 102
60 199
61 148
61 346
61 487
62 413
64 442
66 106
66 266
66 334
66 498
67 479
67 121
68 247
69 112
69 176
69 308
69 291
70 177
71 170
71 205
71 300
71 239
72 242
73 317
73 431
74 99
74 406
74 488
74 454
75 183
75 358
75 384
75 165
76 311
77 351
78 159
79 111
80 480
81 84
82 261
83 315
83 226
84 89
84 304
84 347
85 248
86 295
88 306
90 131
90 136
90 451
90 493
90 411
91 100
91 327
91 470
91 374
92 314
93 306
94 121
95 315
96 145
97 167
98 219
102 311
102 367
102 368
103 478
104 133
104 429
104 210
105 137
105 203
105 444
105 398
107 179
108 194
109 228
110 113
110 254
111 262
111 439
113 200
115 186
116 228
117 351
118 219
118 466
118 473
118 367
119 366
120 245
121 443
122 282
123 202
123 248
123 310
123 239
124 259
125 215
126 258
127 263
128 329
128 186
129 230
130 433
130 235
133 324
134 260
135 138
137 164
137 178
138 434
138 484
138 321
139 238
139 370
139 288
140 199
141 415
142 329
143 366
144 442
145 389
145 448
145 265
146 382
146 400
146 453
147 295
149 296
149 456
149 373
150 218
150 175
151 251
152 254
153 375
154 326
156 476
157 310
158 473
159 168
159 212
159 459
161 449
162 194
162 236
162 387
162 352
163 242
165 216
165 259
165 432
166 466
167 341
170 359
171 322
172 174
172 217
172 404
172 213
173 323
175 390
175 423
175 380
177 234
177 382
179 330
179 498
179 462
180 473
181 323
182 200
184 186
185 314
186 206
187 271
188 230
189 199
190 352
191 306
192 413
193 485
194 348
194 408
195 387
196 437
197 259
198 466
199 459
200 376
201 351
202 279
202 301
202 490
203 391
204 454
204 347
205 455
206 334
207 407
207 497
207 244
208 450
209 339
209 340
210 252
211 424
214 282
215 256
215 265
215 479
216 457
218 226
219 356
219 380
220 466
221 410
222 271
223 477
224 321
224 470
225 300
226 428
227 273
228 229
228 385
230 445
230 489
230 405
231 352
232 374
232 387
233 415
233 451
235 245
235 278
235 450
235 415
236 472
237 355
237 357
237 433
239 340
239 423
240 278
241 342
241 393
242 316
242 402
242 454
243 476
244 433
245 292
245 492
246 450
247 309
247 364
247 493
248 392
248 394
249 444
250 449
251 381
251 435
251 481
252 472
253 276
253 396
253 411
253 429
254 284
255 439
255 278
257 311
258 333
258 420
258 405
259 447
260 365
260 441
260 308
261 347
261 422
261 425
261 461
263 298
263 459
267 291
270 415
271 469
272 273
273 397
273 433
277 424
278 491
281 329
282 360
282 321
283 310
285 375
286 290
286 335
286 354
287 299
287 325
287 377
287 308
288 300
293 468
295 445
300 417
302 449
303 438
306 423
308 398
310 474
311 313
312 382
314 470
315 395
317 458
319 326
319 461
320 478
321 485
322 412
322 463
322 457
323 470
324 426
324 499
328 363
329 419
331 450
332 363
336 350
336 416
336 494
336 347
337 438
338 452
339 405
343 444
344 406
345 368
349 420
352 483
352 392
361 438
362 473
363 427
363 382
368 403
368 378
369 442
372 401
372 495
372 476
375 429
383 485
386 440
387 388
409 452
412 430
413 464
414 468
421 437
429 449
430 440
440 446
440 481
442 479
444 467
454 478
457 480
460 485
462 464
465 476
477 486
480 500
