100 99
1 87
2 43
3 45
3 35
4 8
4 24
4 30
4 95
5 68
5 28
6 56
6 46
7 22
7 38
8 28
9 12
9 27
9 31
9 33
9 83
9 100
9 92
10 82
10 63
11 18
12 37
13 75
13 71
14 87
15 42
16 66
17 43
18 54
19 72
19 51
20 85
20 47
21 28
22 42
23 41
23 52
25 46
25 94
26 74
26 27
27 48
27 50
27 60
27 96
28 99
29 97
29 80
32 83
34 86
34 68
35 75
36 84
36 65
37 93
38 88
39 75
40 57
41 71
43 67
43 98
43 81
44 77
46 47
46 54
48 73
49 71
50 77
51 82
52 87
53 58
55 88
55 73
56 65
57 59
57 90
57 72
58 66
60 66
61 91
61 69
62 78
62 66
63 87
64 77
66 70
69 77
70 94
71 79
74 95
75 76
77 80
77 81
87 92
89 97
