400 399
1 310
2 287
2 193
3 240
4 272
5 374
5 334
6 117
6 182
7 340
8 221
9 123
9 127
9 196
9 364
9 325
10 363
11 108
11 58
12 369
12 371
13 27
14 389
15 45
15 171
15 278
15 346
15 386
16 165
17 110
17 172
17 225
17 249
18 200
19 147
19 381
20 313
21 111
21 304
21 308
21 85
22 66
22 223
23 85
23 128
23 169
23 332
23 365
23 274
24 382
24 96
25 117
26 222
27 69
28 400
29 227
29 77
30 198
31 274
32 230
32 379
33 235
34 227
35 368
36 62
37 186
38 148
38 235
39 399
40 287
41 57
41 122
41 241
41 337
42 173
42 209
42 290
42 49
43 282
43 85
44 399
46 276
46 135
47 237
47 66
48 363
48 150
49 270
50 240
51 153
52 306
52 189
53 396
54 376
55 388
56 347
57 361
58 166
58 243
58 252
58 284
59 361
60 237
61 88
61 278
62 96
62 238
62 259
62 229
63 66
64 222
65 115
65 199
65 390
65 356
66 119
66 295
67 397
68 263
68 268
68 356
68 289
69 170
70 201
70 284
71 389
72 313
73 107
74 396
74 323
75 112
75 186
75 399
75 379
76 302
77 191
78 180
78 358
79 182
80 380
81 380
82 305
83 257
83 97
84 148
85 381
86 107
87 274
88 120
88 293
88 387
89 269
90 254
90 165
91 248
91 159
92 240
93 101
93 212
94 274
95 363
97 101
98 330
98 367
98 391
98 298
99 388
99 127
100 138
100 203
100 370
100 298
101 285
101 338
102 237
103 379
104 162
105 358
105 138
106 144
106 284
106 359
106 384
107 156
107 209
108 250
109 155
110 376
113 358
114 212
116 260
117 264
117 277
118 230
121 245
123 219
124 153
124 132
125 230
126 178
126 388
129 340
130 354
130 325
131 137
132 362
133 286
134 160
135 178
136 280
136 297
136 197
137 193
137 246
137 279
137 298
139 325
140 235
141 289
141 260
142 207
142 348
143 273
145 208
145 153
146 235
146 230
147 353
148 244
148 321
148 323
149 162
150 331
151 353
152 380
152 177
153 320
154 362
155 164
155 226
155 366
157 386
158 275
159 291
159 394
159 205
160 400
161 240
161 276
162 228
162 385
163 227
165 265
165 392
165 166
167 354
168 300
168 190
170 376
174 331
174 335
175 222
175 386
176 233
176 251
176 398
176 387
177 303
179 302
179 312
180 269
181 198
182 255
182 307
182 384
182 391
183 288
183 381
184 397
185 305
186 341
186 395
187 369
188 222
189 220
190 333
191 340
191 400
191 235
192 386
194 275
195 231
197 368
198 348
198 246
200 201
202 326
202 230
203 329
204 363
205 336
206 349
206 313
208 217
208 256
208 344
209 350
209 371
210 261
211 400
212 234
212 351
212 397
213 276
214 396
215 249
215 259
216 326
218 318
219 342
220 236
221 378
222 309
222 375
223 275
224 326
227 316
228 366
229 332
231 254
232 340
236 387
237 247
238 305
238 313
238 336
239 358
242 257
245 262
245 352
245 313
253 347
253 277
258 397
258 261
260 267
260 272
260 375
261 393
261 365
266 399
269 271
269 327
270 388
273 317
274 321
275 284
276 299
281 377
282 377
283 354
286 380
288 296
292 376
294 312
294 305
298 378
298 306
301 371
303 361
305 372
309 328
310 339
311 345
311 329
314 368
315 379
317 350
318 322
318 383
318 327
319 368
319 392
324 397
325 333
325 361
326 373
334 362
335 396
337 349
339 379
342 389
343 371
355 361
357 381
360 361
362 385
362 387
364 386
