350 349
1 9
1 319
2 209
2 179
3 80
3 317
4 295
4 223
5 38
5 182
6 109
7 179
7 174
8 170
8 275
8 191
9 263
10 73
10 88
10 343
10 65
11 32
12 67
12 133
12 335
13 178
13 80
14 65
15 295
16 314
16 301
17 19
17 289
18 350
19 239
20 21
20 240
20 312
20 323
20 102
21 313
22 293
23 294
24 41
24 73
25 227
25 245
26 205
27 59
28 116
28 220
29 77
29 305
30 206
30 120
31 207
31 61
32 109
32 241
32 322
32 182
33 79
34 89
35 91
35 119
36 291
36 257
37 82
37 99
38 286
39 261
39 280
39 266
40 317
40 55
41 94
41 225
41 279
41 287
42 348
43 202
43 257
44 281
44 349
45 235
46 247
46 284
47 96
47 97
47 188
47 129
48 205
49 288
49 348
50 154
50 197
50 273
50 92
51 296
52 284
53 98
53 127
53 137
53 121
54 204
54 131
55 184
55 307
56 119
57 101
57 249
58 83
58 335
59 166
59 331
59 149
60 294
60 195
61 106
61 147
61 177
61 182
61 231
61 117
62 172
62 244
63 220
64 219
64 204
65 119
65 218
66 77
67 327
68 162
68 135
69 209
70 185
71 156
71 230
71 304
71 318
71 328
72 120
72 214
74 203
75 107
75 315
75 339
75 123
76 196
76 162
78 132
79 314
81 138
82 124
83 226
84 86
85 142
85 191
85 232
85 303
85 256
86 191
87 325
89 140
89 214
89 254
90 200
91 138
92 257
93 198
93 233
93 258
93 298
93 191
95 106
99 111
100 118
101 143
102 146
102 251
102 243
103 326
104 272
104 200
105 300
105 227
108 264
109 316
110 227
111 128
112 205
113 235
114 141
114 212
114 242
114 292
114 176
115 245
115 132
117 134
117 321
117 279
118 247
119 132
119 221
119 290
119 349
121 183
122 289
123 325
124 155
125 346
126 342
126 334
127 324
128 135
128 163
128 259
128 277
128 176
129 222
130 271
130 297
130 337
130 175
131 186
132 305
132 330
133 229
136 168
137 278
139 164
139 193
139 307
139 341
139 146
144 336
145 244
145 250
145 282
145 242
148 173
148 300
149 192
150 290
151 326
152 159
153 160
154 345
155 325
157 227
158 187
158 268
158 285
158 175
159 301
159 338
159 175
160 185
161 237
161 344
163 260
164 306
165 257
167 269
168 182
169 195
171 257
172 208
174 237
175 222
175 284
176 256
176 333
176 246
177 254
180 278
181 185
181 220
182 205
183 246
184 299
185 267
186 330
189 329
190 223
191 255
191 274
192 295
194 239
195 329
195 251
199 220
200 283
200 230
201 223
202 264
203 348
207 269
210 340
210 224
211 294
213 284
213 326
215 253
215 283
216 219
217 350
217 304
218 277
220 235
223 281
224 289
226 246
228 327
234 308
234 313
235 270
235 332
235 238
236 335
238 308
243 319
246 302
248 306
249 258
252 264
257 288
259 326
260 348
262 326
264 334
265 299
266 331
274 344
275 296
276 290
284 310
286 311
289 336
289 341
290 328
293 325
294 309
295 320
312 335
325 346
325 347
