200 199
1 54
1 83
2 10
2 40
3 99
3 179
4 173
4 82
5 30
5 40
5 164
5 158
6 26
6 47
7 106
7 111
7 115
7 126
7 176
8 16
8 113
9 139
9 104
10 32
11 34
11 36
12 37
12 143
13 31
14 50
14 152
14 186
14 198
14 151
15 51
17 85
17 123
18 159
18 81
19 55
19 64
20 147
21 140
21 31
22 61
22 118
22 162
23 72
24 101
24 175
25 182
26 69
26 129
26 131
27 83
28 96
29 59
31 133
31 166
31 52
33 83
34 117
35 113
35 172
36 84
37 46
37 56
37 141
37 161
37 165
38 44
38 70
39 98
39 186
41 199
42 48
43 51
43 114
43 157
43 183
43 91
44 150
45 59
46 77
46 110
46 170
46 187
47 112
47 177
47 184
47 56
48 176
49 145
49 146
49 148
49 169
49 200
49 75
52 178
53 59
54 75
55 100
55 103
55 196
57 60
57 192
58 173
59 105
59 119
59 75
60 125
62 183
63 175
64 78
65 132
65 92
66 140
67 158
67 107
68 96
70 79
71 181
72 86
72 138
72 169
73 185
73 197
74 194
74 157
75 78
75 176
76 173
79 88
79 102
79 136
79 131
80 91
80 177
81 182
82 98
83 89
83 172
84 200
87 143
90 160
91 93
91 104
92 110
94 158
95 96
95 114
96 195
97 109
97 99
101 168
107 176
108 175
111 181
116 198
117 122
119 147
120 158
121 140
122 182
123 127
124 181
126 179
127 132
128 188
128 164
130 143
133 191
134 178
135 140
137 175
138 155
142 173
143 180
143 171
144 183
148 160
149 162
149 178
151 165
153 159
154 175
154 190
156 181
158 199
163 183
167 190
171 182
174 176
178 183
184 192
188 193
189 190
190 197
190 191
