140 139
1 28
1 38
2 19
2 23
2 112
2 76
3 67
3 110
4 75
5 58
5 67
6 62
6 124
6 71
7 136
7 37
8 109
9 26
10 40
10 52
11 14
12 69
13 83
13 52
14 51
15 93
15 38
16 88
17 129
17 28
18 128
18 65
20 45
20 31
21 32
22 98
24 41
24 75
25 42
25 73
25 126
26 34
26 125
26 135
26 48
27 106
27 119
29 109
29 127
29 138
30 133
30 75
31 82
32 135
33 134
33 39
34 56
35 98
36 138
36 101
37 122
38 57
38 70
38 84
39 140
40 108
41 131
43 119
44 92
45 50
45 60
45 79
46 136
47 108
48 75
49 75
49 55
51 52
52 74
52 82
52 92
52 86
53 116
53 66
54 97
55 99
59 103
59 90
61 76
61 104
63 75
64 119
65 119
66 105
68 117
68 73
69 130
69 132
69 74
70 72
71 119
72 89
72 115
72 137
77 129
78 139
78 128
79 98
80 101
80 131
81 97
85 119
85 123
86 93
87 121
88 134
89 90
91 122
91 139
92 113
92 123
94 120
95 125
96 97
97 102
97 118
97 128
98 120
99 116
100 128
102 140
104 106
105 128
107 114
107 117
110 112
111 133
115 126
121 128
