100 99
1 55
1 94
2 77
3 93
3 9
4 14
4 53
4 61
4 66
4 82
4 12
5 75
5 95
6 84
6 57
7 38
7 42
8 73
8 24
9 33
9 34
9 35
9 45
9 54
10 87
10 13
11 22
11 30
12 87
13 17
15 28
16 83
16 74
17 69
18 99
18 28
19 54
19 82
20 89
20 29
21 88
21 91
22 48
23 67
23 93
24 48
25 84
26 93
27 91
27 83
28 46
28 60
29 71
30 85
31 37
31 49
31 58
31 71
31 98
31 46
32 59
32 88
34 68
36 90
36 65
39 45
40 86
40 67
41 60
41 77
42 91
43 70
43 44
44 75
47 72
50 97
50 66
51 57
51 97
52 74
52 89
56 74
58 79
59 81
62 81
63 93
64 77
65 74
69 78
70 85
72 99
74 78
76 90
77 100
77 94
80 98
91 92
91 95
91 96
