500 499
1 104
1 141
1 370
1 438
2 453
2 31
3 208
3 13
4 54
4 262
4 446
4 310
5 202
5 421
6 212
7 170
7 295
7 444
7 224
8 423
9 465
10 196
10 63
11 130
11 309
12 166
13 331
13 378
13 449
13 252
14 248
14 80
15 268
15 409
16 117
16 186
16 420
16 25
17 185
18 56
18 27
19 173
20 308
20 439
20 464
20 243
21 253
21 396
22 389
23 293
24 136
24 168
25 274
26 429
26 439
27 102
27 133
27 147
27 409
28 363
29 367
29 389
29 477
29 483
29 457
30 321
30 416
31 77
32 382
32 423
32 172
33 59
33 88
34 91
35 498
36 338
37 56
38 478
39 196
40 149
41 193
41 173
42 81
43 220
44 423
45 287
45 339
45 358
45 371
45 131
46 161
46 500
47 362
47 390
48 452
48 167
49 471
50 79
50 114
50 143
50 307
51 122
51 277
51 341
51 429
52 152
53 149
53 166
53 376
53 489
53 145
55 319
55 104
56 158
56 254
56 312
57 293
57 412
58 498
59 486
60 77
60 152
60 498
60 187
61 386
61 463
61 161
62 169
62 195
62 285
62 129
63 66
63 244
63 268
64 500
65 273
67 274
67 200
68 184
69 224
69 238
69 419
69 487
70 304
71 335
71 216
72 116
73 109
74 220
74 245
74 264
74 276
74 348
75 109
75 206
75 219
75 314
75 338
76 389
77 171
77 360
78 452
80 264
81 394
81 455
81 309
82 91
83 222
83 298
83 332
83 352
83 436
83 421
84 100
85 248
86 311
86 91
87 184
88 185
89 131
89 488
90 329
91 232
92 334
92 162
93 453
94 340
95 208
96 162
97 421
97 456
97 481
97 301
98 204
98 499
98 491
99 193
100 309
100 440
100 490
100 267
101 206
103 249
103 484
103 133
104 108
104 135
104 487
105 273
106 436
107 178
107 183
107 454
107 459
107 121
108 176
108 294
108 299
109 337
109 472
110 314
111 267
111 443
112 396
113 454
115 481
116 323
116 355
116 280
118 311
119 151
119 213
119 377
119 155
120 210
120 249
121 154
123 184
123 293
124 436
125 135
126 246
127 307
127 342
127 397
127 334
128 146
129 166
130 465
132 396
134 459
135 437
135 458
137 200
138 436
139 466
139 390
140 481
142 173
142 414
144 282
145 185
146 236
146 476
146 475
148 187
148 253
149 353
149 495
150 205
152 414
152 422
153 427
154 376
155 185
156 364
157 293
159 207
159 286
159 361
159 312
160 368
162 448
162 227
163 275
163 381
163 395
163 485
163 195
164 311
165 266
166 356
166 372
167 279
167 291
167 290
168 304
172 177
172 182
172 272
172 417
173 468
174 489
175 451
175 202
178 197
178 226
178 412
179 283
180 260
180 302
180 313
180 434
181 489
183 188
183 324
183 393
184 380
185 217
185 254
189 220
190 467
191 396
192 445
194 225
196 417
196 418
196 435
198 290
198 226
199 450
199 454
200 388
200 276
201 359
201 335
202 269
202 310
202 365
203 451
205 330
205 474
205 439
209 481
210 375
211 483
212 305
212 462
212 232
214 321
215 329
216 439
218 409
219 404
220 350
221 456
223 321
224 240
224 471
225 318
225 466
227 301
227 402
227 404
228 402
229 404
230 446
231 320
232 392
232 317
233 296
234 235
234 410
234 345
237 488
237 454
239 296
240 327
241 364
242 454
243 294
246 349
246 447
246 312
247 368
250 322
251 421
252 359
255 445
255 453
256 266
256 300
257 488
258 477
259 312
261 322
263 390
265 280
265 389
266 413
270 456
271 452
272 500
273 497
273 480
274 288
274 383
274 426
278 491
278 427
280 317
280 329
280 340
280 348
281 368
282 470
282 480
282 387
283 486
284 402
287 296
289 363
292 314
296 430
297 416
300 311
303 467
304 345
304 351
304 439
306 456
309 467
314 333
315 465
316 338
319 457
320 405
320 408
320 327
321 442
322 411
322 429
325 471
326 402
327 428
327 478
328 343
328 421
329 401
332 396
336 488
338 371
340 369
340 432
343 425
344 428
346 489
347 465
354 477
357 471
359 379
359 424
363 425
364 492
364 415
366 478
367 409
368 476
373 478
374 445
382 407
382 434
382 441
384 423
385 498
387 429
390 395
391 451
392 406
392 469
392 494
398 477
399 483
400 427
403 459
404 473
415 436
416 479
416 490
427 429
428 460
428 461
431 467
433 445
443 451
453 482
459 496
475 500
483 493
