400 399
1 386
2 52
2 106
3 44
3 172
3 183
3 391
3 185
4 180
5 55
5 162
5 257
5 300
5 329
5 335
5 21
6 247
7 287
8 382
8 130
9 187
9 251
10 47
11 200
11 378
12 146
12 167
12 289
12 290
13 274
14 231
15 118
15 56
16 166
16 314
17 116
17 328
18 73
18 234
19 246
20 385
21 232
22 153
22 63
23 271
23 180
24 189
25 54
26 101
27 81
27 257
28 271
29 31
29 34
29 210
29 157
30 104
31 150
32 124
33 89
33 175
35 130
35 151
36 384
37 303
37 152
38 46
39 272
40 92
41 217
41 167
42 113
42 44
43 398
43 308
45 360
46 220
46 268
46 301
46 151
47 149
47 295
47 334
48 312
49 101
50 314
51 324
51 147
52 157
53 75
53 142
53 154
53 222
53 113
54 93
55 333
56 224
57 147
57 129
58 256
59 277
59 323
59 111
60 267
60 392
61 202
61 304
62 372
63 189
64 372
65 291
66 383
67 331
68 230
68 205
69 141
69 227
70 92
70 179
70 205
70 258
70 288
70 321
70 149
71 328
72 247
72 189
73 137
73 195
73 270
73 348
74 180
74 255
74 259
74 350
74 195
75 112
76 324
77 108
77 122
77 306
77 248
78 387
79 93
79 310
80 101
80 317
81 345
82 372
83 215
83 292
84 331
85 272
86 227
87 123
88 226
88 364
88 393
88 167
89 347
90 275
91 312
92 219
92 358
92 370
93 181
93 368
94 130
95 204
95 314
96 342
96 130
97 127
98 106
99 225
99 303
100 386
101 123
102 248
102 319
103 354
103 110
104 158
104 254
104 281
104 380
104 267
105 398
106 174
106 276
106 337
106 142
107 141
109 236
109 256
110 308
111 388
112 338
112 365
112 371
114 129
115 296
115 152
117 261
119 144
119 193
120 180
121 382
123 132
123 310
124 390
125 234
126 207
126 243
126 311
126 358
127 128
127 233
127 367
128 231
129 165
129 308
130 173
130 339
131 272
131 234
133 210
134 356
135 212
136 344
136 384
138 356
139 347
140 249
141 241
141 374
143 324
144 278
145 197
145 217
147 159
147 176
147 341
148 190
148 262
150 206
151 193
151 249
151 312
152 156
152 269
152 224
155 333
156 265
160 186
160 386
161 252
163 315
164 232
167 331
168 244
169 328
170 376
170 358
171 199
171 213
171 216
171 218
174 227
175 227
176 367
177 398
178 245
178 248
180 298
182 232
184 231
185 383
186 280
188 231
189 209
189 325
189 355
189 359
191 194
191 229
192 333
194 399
196 273
197 228
197 239
197 346
198 238
198 337
201 256
203 227
204 246
206 396
208 212
209 224
211 284
212 244
212 318
213 362
214 324
218 325
219 290
221 234
223 285
223 332
223 389
223 258
224 357
224 369
229 263
232 308
234 349
235 284
235 287
237 312
238 307
240 252
240 370
242 247
247 400
248 356
249 313
249 361
250 392
250 329
251 260
253 340
254 261
255 262
256 366
256 274
260 386
263 336
264 283
264 363
264 301
265 282
265 302
265 328
265 394
266 319
266 358
270 279
271 291
271 373
272 286
273 396
274 314
274 357
275 366
276 315
278 340
281 375
287 309
287 320
287 380
292 299
293 356
294 360
297 362
299 305
304 374
305 342
308 372
308 313
312 360
312 358
314 322
316 354
317 327
318 352
322 377
326 333
327 331
330 388
330 343
334 386
336 398
340 349
340 397
343 360
344 387
351 387
352 399
353 354
354 390
355 378
358 384
359 387
375 383
376 385
379 383
381 384
382 395
