300 299
1 96
2 150
2 163
2 194
2 159
3 137
4 112
5 94
5 101
5 162
5 215
5 155
6 177
6 45
7 193
8 220
8 194
9 40
10 277
10 96
11 209
11 73
12 130
13 196
13 130
14 190
14 29
15 22
15 186
16 105
17 241
18 255
18 103
19 182
19 228
20 193
21 284
21 115
22 34
22 43
22 92
22 131
23 260
23 212
24 132
24 211
24 125
25 215
26 134
26 129
27 218
27 190
28 226
29 187
29 221
29 278
29 147
30 157
31 137
31 42
32 199
33 209
35 116
36 45
36 131
37 274
38 112
39 248
39 109
40 259
41 170
42 173
42 210
42 236
42 205
44 166
46 268
46 237
47 232
47 184
48 51
49 207
49 241
50 97
50 133
51 86
51 146
51 67
52 272
53 119
53 144
54 225
55 67
56 195
56 172
57 100
57 246
58 246
58 181
59 91
59 242
60 216
61 190
62 226
63 157
64 199
65 199
65 181
66 191
66 96
67 104
67 113
67 269
68 112
69 134
70 94
71 273
71 149
72 117
72 159
73 97
74 80
74 112
75 197
76 133
77 137
78 161
78 108
79 106
80 153
80 185
80 229
81 137
82 84
83 160
83 269
84 227
85 141
87 116
88 265
88 255
89 181
90 94
91 239
92 139
93 300
93 282
94 208
94 230
95 230
96 111
96 192
96 197
98 105
99 197
101 102
101 202
101 290
103 111
104 238
105 189
105 245
105 151
106 288
107 216
107 121
108 252
109 296
110 214
111 158
111 180
112 188
114 177
115 278
116 203
116 143
117 299
118 282
118 262
120 123
121 172
121 176
121 257
121 275
122 133
122 271
123 142
124 169
124 171
124 175
124 219
124 162
125 133
126 253
127 155
127 168
128 190
129 157
130 263
130 269
130 289
130 236
133 279
134 261
134 285
135 198
135 241
136 297
137 186
138 144
139 281
140 271
141 272
141 280
141 270
142 269
143 256
144 164
144 183
144 213
145 179
145 243
146 213
147 172
148 241
149 283
151 271
152 188
152 192
153 241
154 193
156 276
156 175
157 203
159 226
159 296
159 178
160 259
161 201
163 227
165 224
166 240
166 266
166 269
167 205
167 209
168 204
170 196
172 249
172 250
174 283
174 251
177 258
177 286
178 183
181 198
184 274
193 287
193 241
197 247
199 204
200 224
200 218
201 212
205 225
205 244
205 262
205 267
205 275
206 226
207 253
209 243
214 245
215 231
215 295
216 235
216 270
217 296
219 271
220 223
222 296
224 233
224 264
228 271
232 254
234 297
234 296
237 298
242 294
248 252
251 281
254 291
256 292
269 288
274 293
274 300
277 294
292 298
292 299
