140 139
1 15
1 67
2 75
3 99
3 31
4 90
4 108
5 43
5 130
5 78
6 41
6 10
7 26
8 73
8 115
8 116
8 122
8 136
8 80
9 32
10 36
11 42
11 68
12 26
13 17
13 89
14 121
14 58
15 87
16 101
16 48
17 21
17 92
17 111
17 124
18 140
18 65
19 125
19 98
20 26
22 103
22 83
23 118
23 85
24 127
24 106
25 85
26 46
26 126
27 35
28 128
29 75
30 139
30 114
31 132
32 55
33 100
34 135
34 54
35 104
35 124
36 53
36 63
36 76
36 129
36 138
36 73
37 48
37 65
37 93
37 133
37 59
38 85
39 97
39 88
40 82
40 56
41 51
42 86
44 77
44 134
45 79
45 135
46 91
47 70
47 99
49 137
49 96
50 114
50 103
51 113
52 61
52 108
53 98
54 63
55 81
56 93
57 96
57 115
58 107
59 105
60 107
60 100
61 94
62 89
62 136
64 127
66 68
66 129
67 134
69 85
69 75
70 74
71 95
71 87
72 119
72 77
74 100
75 78
75 125
76 131
80 82
81 94
83 85
84 88
84 85
90 126
95 132
97 106
100 112
100 128
102 108
105 121
108 117
108 131
109 120
109 139
110 123
118 123
