120 119
1 29
1 30
2 27
2 36
2 114
2 73
3 18
3 30
4 44
5 87
5 62
6 92
7 74
8 52
9 63
9 71
9 75
9 100
9 101
9 118
9 104
10 80
10 21
11 65
12 72
12 53
13 24
13 34
13 58
13 90
13 112
14 111
14 44
15 73
16 49
16 89
17 77
17 23
19 107
19 29
20 35
20 50
21 64
21 88
21 106
21 108
22 78
22 76
23 42
23 56
23 113
23 61
24 117
25 43
25 114
26 99
26 63
28 86
28 57
29 59
29 84
29 104
31 100
32 34
33 77
37 52
37 75
38 41
38 103
38 115
38 70
39 89
39 101
40 41
42 51
43 68
44 109
44 119
44 97
45 96
46 92
47 106
48 107
49 73
50 86
51 62
52 85
52 91
53 79
54 108
55 94
57 103
60 108
61 81
61 85
64 98
65 118
66 80
67 73
69 100
70 98
74 92
76 102
79 94
80 112
80 120
82 105
82 119
83 108
83 107
92 99
93 94
93 105
94 110
95 107
96 100
97 100
100 116
102 108
