100 99
1 4
1 54
2 5
3 85
4 37
5 36
5 43
5 61
5 44
6 93
7 48
7 51
7 78
8 99
9 86
9 76
10 96
10 85
11 28
11 39
12 67
12 30
13 20
13 67
14 21
15 50
16 40
17 32
17 99
18 78
18 63
19 82
19 88
20 81
21 35
22 49
23 70
24 76
25 93
25 63
26 83
26 63
27 93
29 60
29 100
30 33
30 69
30 37
31 70
33 62
34 97
35 63
38 98
38 63
39 76
40 71
40 89
40 58
41 94
41 85
42 80
42 86
43 76
44 62
45 87
45 63
46 75
47 99
49 73
50 64
52 63
53 96
54 59
55 68
55 74
56 85
56 98
57 63
57 70
58 81
59 77
61 90
64 79
65 76
66 90
68 95
69 97
70 91
70 99
71 99
72 100
72 99
73 95
74 76
75 94
77 79
80 84
85 88
85 92
