450 449
1 8
1 346
2 27
3 54
3 149
4 405
5 328
6 432
6 133
7 399
7 218
8 218
9 398
9 81
10 127
10 342
11 62
11 283
11 367
11 429
11 249
12 58
12 87
13 205
13 347
14 75
14 417
15 382
16 357
17 283
18 200
18 238
18 81
19 24
20 306
21 103
21 345
22 65
22 149
22 406
22 214
23 188
23 303
23 395
23 446
24 107
25 90
26 357
26 181
27 170
28 44
29 339
30 257
31 443
31 90
32 420
33 292
33 408
34 124
34 82
35 297
36 52
36 396
37 162
37 90
38 169
38 346
39 289
39 297
40 265
40 330
41 417
42 433
42 254
43 73
44 243
44 379
44 212
45 355
46 110
47 260
47 240
48 100
48 151
48 164
48 319
48 182
49 431
50 322
51 123
52 184
53 307
54 248
55 217
56 428
56 72
57 181
57 371
58 347
59 210
60 81
60 219
61 433
62 180
63 254
64 323
64 258
65 449
66 157
66 194
67 422
67 438
68 86
68 298
69 224
69 298
70 440
70 449
71 131
71 183
71 186
71 187
71 440
72 320
73 74
73 155
73 230
73 299
75 150
75 190
75 337
76 431
76 266
77 449
78 237
78 222
79 110
79 316
80 417
80 110
81 376
81 388
82 154
83 102
84 136
85 372
86 331
87 184
88 372
88 371
89 171
90 129
90 397
90 248
91 146
91 225
91 341
91 114
92 170
93 320
93 355
94 191
95 119
95 174
95 361
95 447
95 449
96 223
96 147
97 217
98 261
98 254
99 157
101 388
102 176
103 138
103 213
103 387
104 298
105 171
106 396
107 219
108 194
108 375
109 269
110 229
110 348
111 176
112 170
113 373
114 307
114 382
114 409
115 314
116 371
116 145
117 305
117 204
118 346
120 222
120 400
121 264
121 432
122 301
122 307
123 239
123 254
123 312
123 186
125 126
125 185
126 423
127 374
128 331
130 248
132 439
133 178
133 438
133 404
134 426
134 227
135 306
136 349
136 442
136 369
137 376
139 322
140 175
140 287
140 296
140 304
140 396
141 149
142 288
142 300
143 255
143 383
143 427
143 282
144 244
144 362
145 191
145 436
145 439
145 443
146 313
147 357
148 157
149 185
150 345
151 355
152 154
152 310
152 353
152 363
152 287
153 247
155 389
156 184
157 275
157 378
158 240
158 405
159 210
160 269
161 290
161 280
162 425
163 359
165 373
165 310
166 388
167 286
167 406
168 309
168 185
169 381
170 204
171 325
171 419
171 427
172 265
173 392
176 360
176 252
177 189
179 269
179 306
180 445
181 270
181 299
181 358
182 237
183 306
184 326
189 273
189 343
189 279
191 202
191 271
192 409
192 244
193 249
195 376
196 309
197 236
197 380
198 439
199 433
201 351
201 323
203 322
203 346
204 396
204 420
204 230
205 295
206 402
206 245
207 219
207 399
208 248
209 248
210 228
210 267
211 278
212 355
213 298
214 398
215 342
216 426
217 279
217 402
219 324
219 366
219 421
220 362
221 405
223 344
224 338
226 354
226 365
226 410
226 422
227 430
227 434
227 437
227 376
231 401
231 442
232 382
233 245
234 261
235 439
241 342
241 417
242 339
242 335
245 274
245 392
245 344
246 300
246 298
247 329
247 384
247 378
249 297
249 328
249 277
250 283
251 362
252 331
253 298
254 340
256 372
257 414
258 382
259 376
261 308
261 334
262 290
263 276
263 358
266 275
267 449
268 335
268 283
269 413
272 328
277 305
278 428
280 295
281 298
282 397
283 368
284 420
285 431
286 332
286 377
286 411
291 297
293 436
294 386
297 321
302 331
303 405
304 316
307 352
309 403
311 394
314 343
315 318
315 407
315 389
317 399
322 418
327 328
330 420
333 426
334 380
336 396
339 370
339 394
342 385
346 364
348 404
350 436
352 444
354 362
355 391
356 433
357 412
359 366
362 393
365 446
367 369
371 416
371 441
372 375
374 400
376 414
386 426
388 450
390 449
408 410
415 435
415 439
417 424
436 448
