100 99
1 20
1 86
2 19
2 20
3 11
3 51
3 91
3 95
3 29
4 73
4 14
5 42
6 41
6 68
7 76
7 97
8 68
8 72
8 75
8 77
8 31
9 62
9 14
10 48
10 94
12 39
12 40
13 71
13 14
14 15
14 59
14 48
16 84
16 66
17 44
18 97
18 100
19 58
21 47
21 56
21 82
21 23
22 70
23 69
24 45
24 40
25 99
25 93
26 52
26 81
27 84
28 94
28 32
29 92
30 32
30 43
30 66
30 58
31 57
33 38
34 44
35 78
35 89
35 74
36 44
37 39
38 50
38 98
38 86
40 67
40 81
40 88
40 90
41 46
42 82
44 77
45 61
46 53
49 50
52 92
54 60
54 83
54 71
55 92
57 84
62 70
63 92
64 87
64 76
65 93
65 85
69 99
74 88
75 80
79 84
84 90
85 96
85 100
85 95
