350 349
1 313
2 221
3 123
3 186
3 249
3 318
3 116
4 228
5 35
5 153
5 349
5 17
6 58
6 217
6 271
6 272
6 105
7 144
8 42
8 210
8 289
8 14
9 229
9 238
9 299
9 94
10 233
11 55
11 130
11 265
11 290
11 340
11 59
12 99
13 113
14 49
14 134
14 148
14 285
14 111
15 317
16 48
16 100
16 209
16 322
17 125
17 237
17 74
18 117
18 87
19 81
19 118
19 330
19 165
20 218
21 215
22 125
23 317
24 25
25 59
25 112
25 254
25 203
26 70
26 274
26 320
26 328
27 120
28 51
28 93
28 220
28 49
29 124
29 132
29 323
29 227
30 174
31 79
32 175
33 221
34 247
36 38
37 180
38 199
38 273
38 69
39 155
39 80
40 82
41 90
43 191
43 222
43 284
43 122
44 62
45 264
46 292
46 203
47 203
48 54
48 170
48 298
50 135
52 134
53 234
56 320
57 89
57 115
57 306
57 74
60 120
61 70
62 127
62 129
62 142
62 305
63 237
64 121
65 257
66 165
66 147
67 279
68 73
69 73
69 267
69 326
70 168
70 236
71 95
71 159
71 162
71 161
72 86
72 138
72 232
72 177
73 137
74 242
74 108
75 248
76 176
77 237
78 233
79 109
79 179
79 256
79 246
80 105
82 114
82 261
82 122
83 141
83 216
83 337
83 250
84 88
85 326
87 348
88 119
88 226
88 297
88 227
90 116
90 241
90 251
91 180
92 96
92 220
94 161
94 315
94 341
96 99
96 193
96 257
97 121
98 128
98 304
98 314
98 227
99 133
100 190
100 208
100 270
101 313
102 161
103 218
103 233
103 322
103 248
104 264
104 277
105 176
105 313
106 295
106 301
106 347
106 211
107 268
108 155
109 296
110 332
111 139
113 140
113 338
113 333
117 326
120 281
120 267
121 302
121 333
122 244
122 332
122 259
125 183
125 192
126 279
128 251
131 234
134 197
134 342
135 223
135 268
135 285
136 315
139 341
141 221
142 247
143 193
144 242
145 218
146 171
147 173
147 288
147 295
148 151
148 235
148 307
149 343
150 303
152 237
154 203
156 313
157 317
158 303
158 229
160 292
161 311
161 331
163 233
164 257
166 326
167 231
169 296
171 324
171 340
172 257
174 263
174 329
174 177
175 205
175 287
175 330
176 250
176 334
176 345
177 328
177 327
178 312
178 316
178 297
180 189
180 220
181 292
182 185
182 230
182 310
182 300
184 327
187 224
188 209
193 269
193 336
194 247
195 315
196 303
198 279
198 253
200 332
201 303
202 225
203 346
203 330
204 224
206 234
207 242
209 266
209 276
211 319
212 215
213 228
214 296
215 291
215 295
218 262
219 296
220 317
221 243
224 271
225 280
225 308
225 258
227 341
228 300
228 290
231 248
231 282
231 339
231 280
232 258
234 269
239 274
240 320
242 348
244 327
245 248
246 277
247 286
248 305
252 268
253 348
255 332
259 330
260 327
264 283
264 325
268 333
268 335
274 294
274 321
275 343
277 293
277 318
278 320
279 350
295 341
309 315
319 343
343 350
344 348
