100 99
1 66
1 98
2 35
3 85
3 82
4 31
4 20
5 90
5 92
6 37
7 37
7 26
8 57
9 97
10 82
11 69
12 45
12 69
13 57
14 38
14 55
15 20
15 24
15 83
15 17
16 85
17 42
18 57
19 39
21 92
22 82
23 62
23 37
25 100
26 40
26 54
26 63
26 78
26 27
27 69
28 74
29 88
30 69
31 36
31 65
31 73
31 100
32 42
33 92
33 73
34 97
34 72
35 62
36 55
37 72
38 51
39 89
41 99
42 53
42 46
43 60
43 51
44 66
45 46
47 90
48 88
48 74
49 64
50 70
50 74
52 64
52 77
55 58
55 77
55 96
56 91
56 78
57 93
59 64
60 61
61 82
64 84
67 85
68 91
69 98
71 75
74 87
74 93
75 93
76 92
79 100
80 88
81 85
86 100
87 99
89 100
90 94
93 97
95 97
