100 99
1 36
1 97
2 79
2 19
3 72
3 55
4 74
5 54
5 66
5 96
5 79
6 74
6 57
7 10
7 68
8 38
9 13
9 28
9 77
9 37
10 80
11 41
11 71
11 98
11 76
12 19
12 86
13 61
14 33
15 34
16 21
16 29
16 69
16 87
16 95
17 70
17 62
18 88
20 89
20 79
22 64
22 67
22 78
22 93
22 79
23 44
23 49
24 99
24 69
25 46
25 75
25 82
25 71
26 32
27 58
27 50
29 88
30 88
31 83
32 90
33 81
34 91
34 95
34 97
35 65
35 99
36 73
37 45
38 47
38 72
39 61
40 55
42 76
42 63
43 63
43 55
44 81
45 47
48 94
49 100
50 63
51 57
52 63
53 100
53 74
55 68
55 99
56 61
57 84
57 73
58 83
59 61
60 70
62 99
64 90
65 94
74 92
85 99
86 88
