120 119
1 111
2 55
2 69
3 19
3 77
4 106
4 92
5 40
5 36
6 108
6 97
7 113
7 43
8 47
8 119
9 54
9 97
10 92
10 47
11 101
11 49
12 21
12 102
13 50
13 87
14 40
15 110
16 44
16 45
17 37
18 41
18 103
19 20
19 46
19 76
19 100
19 114
19 118
20 34
21 49
22 68
22 89
22 112
23 67
24 44
25 70
26 60
26 103
27 45
27 32
28 33
28 71
28 72
28 99
28 76
29 73
29 30
30 83
31 93
32 103
34 69
34 85
34 98
34 105
35 110
35 97
36 98
37 56
38 97
38 40
39 78
40 74
40 86
41 95
42 52
42 104
43 120
46 48
51 106
53 115
53 63
54 67
55 119
56 114
57 78
57 103
58 62
58 80
59 91
59 65
61 103
63 96
64 90
64 84
65 109
66 104
66 86
70 116
71 120
72 87
74 80
75 117
75 81
77 82
79 103
79 101
81 111
82 103
83 103
84 118
88 115
91 94
93 97
95 112
96 108
97 107
97 109
102 117
113 116
