450 449
1 161
1 253
2 119
3 292
4 422
5 158
5 58
6 82
6 438
7 275
8 62
8 79
8 257
8 332
9 157
9 73
10 145
11 98
11 85
12 52
12 437
13 265
13 425
14 246
15 29
15 70
16 368
17 26
18 206
18 431
19 140
19 194
19 226
19 249
19 393
20 335
20 261
21 96
21 162
21 229
21 416
21 76
22 91
22 415
23 305
23 112
24 438
25 228
26 380
26 370
27 434
27 226
28 317
28 423
29 262
30 66
31 149
32 358
33 385
33 341
34 110
35 307
35 175
36 365
36 191
37 89
37 123
37 368
37 382
37 432
37 228
38 395
39 180
39 435
40 126
41 384
42 355
42 233
43 238
44 301
44 226
45 205
45 224
45 375
45 220
46 104
46 135
46 268
46 369
46 154
47 200
47 227
48 390
48 132
49 132
50 170
50 340
51 270
51 273
51 420
51 305
53 261
54 371
55 187
56 405
56 134
57 140
58 83
58 232
58 295
58 374
58 412
59 385
60 108
61 84
61 434
63 289
64 149
64 349
65 348
65 91
66 159
66 186
66 211
67 212
67 376
67 306
68 441
68 240
69 428
69 315
70 350
71 385
72 206
73 132
74 292
75 355
76 269
77 269
78 156
78 308
78 337
78 252
80 172
80 392
81 160
81 372
82 102
82 245
82 296
85 129
85 147
85 332
85 428
86 367
87 146
87 90
88 145
89 312
90 438
92 238
93 333
94 214
95 188
95 207
95 353
95 263
97 429
98 99
98 107
98 251
98 278
99 137
100 264
101 201
102 442
103 307
104 234
105 320
106 253
108 114
108 191
108 290
108 377
109 128
110 227
110 292
110 413
110 369
111 261
111 171
112 115
113 275
115 167
116 298
117 249
118 412
119 125
119 393
119 395
119 414
119 204
120 388
121 200
122 438
122 132
124 213
125 315
126 282
126 291
126 154
127 240
128 183
128 185
128 426
129 306
130 243
130 254
131 138
132 208
132 330
132 351
132 192
133 214
134 442
135 409
136 392
137 223
138 239
138 366
138 440
138 369
139 172
140 221
141 410
141 381
142 144
142 271
142 322
143 187
145 247
145 231
146 175
146 240
146 379
146 419
148 152
148 203
149 165
149 197
149 370
150 435
150 384
151 294
151 298
153 355
154 171
154 213
155 346
155 282
158 256
158 320
158 360
158 377
160 187
161 220
163 449
163 217
164 204
164 220
166 201
167 253
168 269
169 275
169 240
170 233
172 394
173 213
174 442
176 357
176 385
177 406
178 309
179 387
181 381
181 253
182 357
184 368
188 255
189 358
190 365
192 213
193 329
193 403
194 279
194 284
194 324
194 401
195 403
195 276
196 198
196 407
197 316
198 333
199 357
200 389
200 430
200 436
200 450
201 297
201 377
202 217
203 217
208 415
209 449
210 213
211 368
213 350
213 253
214 328
214 384
214 232
215 319
215 225
216 246
217 444
217 402
218 377
219 367
219 307
220 225
220 248
222 333
223 392
226 250
228 231
228 378
228 399
228 308
230 321
230 411
235 303
236 411
236 429
237 387
237 446
238 272
238 361
239 289
240 287
241 327
242 277
244 412
246 397
246 272
252 438
253 356
254 278
255 371
258 438
259 298
259 379
260 429
261 318
262 303
263 384
264 405
266 327
267 322
267 392
269 420
274 309
274 285
275 424
276 292
277 298
280 281
280 335
281 364
283 374
285 368
286 425
288 384
289 326
289 383
290 358
293 323
294 445
299 347
299 425
300 371
302 449
304 355
307 314
307 343
309 396
310 315
311 317
312 412
313 439
313 319
315 400
317 336
318 437
319 354
323 441
324 344
325 346
327 386
327 369
331 425
333 373
334 372
334 390
338 448
338 398
339 341
339 412
340 384
342 433
344 398
345 416
347 362
348 425
349 384
351 422
352 449
359 431
361 378
362 418
363 442
369 427
377 388
377 402
382 429
385 443
389 407
391 407
392 417
398 421
404 431
406 448
407 447
408 438
409 431
423 427
426 432
433 450
438 446
