250 249
1 8
2 111
2 157
2 223
2 228
2 53
3 116
3 126
4 87
5 150
5 163
5 165
5 217
5 8
6 54
7 66
7 32
8 56
8 59
8 250
9 36
10 32
11 108
11 67
12 81
13 32
13 199
14 241
15 199
15 99
16 171
17 26
18 211
19 214
19 95
20 119
20 148
20 218
20 222
20 103
21 160
21 196
22 115
22 34
23 94
24 36
25 98
25 237
26 114
26 220
27 134
27 209
28 226
29 186
29 199
30 189
30 166
31 205
32 158
32 246
33 176
33 120
34 249
35 94
35 199
36 80
36 193
36 118
37 107
38 155
39 84
39 75
40 212
41 212
41 106
42 177
43 205
43 147
44 105
44 181
45 162
45 171
46 177
47 166
47 96
48 216
48 178
49 155
49 76
50 60
51 196
51 188
52 66
53 158
54 97
55 147
57 187
57 213
58 239
58 238
59 169
60 134
61 161
61 172
62 232
62 181
63 177
64 94
65 188
67 237
68 244
69 232
70 122
71 162
72 97
73 146
74 235
74 142
75 87
76 199
77 182
77 129
78 191
79 130
80 122
81 83
81 179
81 250
82 221
82 237
83 86
84 238
85 91
87 210
87 245
88 250
89 131
89 191
90 143
90 162
91 188
92 190
92 146
93 106
94 142
95 124
96 117
97 126
97 184
97 203
97 137
98 100
99 113
99 152
99 231
99 236
99 149
100 230
101 181
102 188
102 232
103 168
104 159
104 109
105 243
106 132
106 111
107 173
107 248
107 161
109 250
110 122
112 130
115 226
116 219
117 150
118 127
120 207
121 146
122 141
122 229
123 138
123 201
123 204
123 224
123 198
124 212
125 216
127 231
128 140
128 241
129 159
130 245
130 202
131 211
133 241
135 234
135 209
136 208
137 162
139 216
140 237
143 154
144 171
145 205
146 149
146 197
146 169
147 170
147 194
148 241
151 162
153 191
156 205
157 168
162 213
162 227
163 181
164 187
167 209
167 179
171 237
172 239
173 200
174 192
175 232
177 203
178 230
180 199
181 195
182 220
183 199
184 192
185 232
186 202
186 233
186 240
186 249
190 247
191 250
193 194
198 235
206 212
207 216
208 215
209 225
215 219
234 244
242 244
