180 179
1 78
1 128
2 20
3 82
3 153
3 170
3 151
4 41
4 15
5 29
5 36
6 175
6 98
7 177
8 51
9 50
9 72
10 113
11 133
11 96
12 48
13 140
13 147
14 103
15 88
15 122
15 134
15 19
16 53
17 84
18 51
19 60
20 52
20 87
20 97
20 171
20 77
21 68
21 180
22 96
22 38
23 98
23 52
24 163
25 133
26 96
27 79
28 120
28 167
29 127
30 151
30 164
31 79
32 52
33 84
33 129
34 179
35 99
35 109
35 116
35 119
35 61
36 47
36 66
36 101
36 104
36 176
36 75
37 177
37 100
38 125
39 179
40 65
40 165
41 44
41 115
41 152
42 68
43 102
43 147
45 69
46 129
46 110
47 156
48 56
48 141
48 87
49 139
50 93
51 54
51 161
52 58
52 150
52 154
53 143
53 157
53 159
53 174
54 59
55 125
55 113
57 60
59 64
60 161
60 99
61 80
62 126
62 86
63 65
64 165
65 124
65 142
66 163
67 77
67 108
69 149
70 110
70 114
71 113
72 137
73 166
73 124
74 127
75 148
76 81
78 121
79 172
79 154
80 121
81 111
81 144
81 123
83 147
85 160
85 159
86 119
89 147
89 98
90 167
91 160
92 167
94 132
95 164
96 100
96 112
98 146
101 123
102 114
103 136
103 164
103 140
105 167
106 132
106 141
107 148
107 171
108 120
113 162
113 150
115 173
117 156
118 138
120 131
120 145
120 180
122 167
128 139
130 173
135 164
137 164
138 174
138 178
138 144
147 169
148 155
148 168
149 164
158 166
170 179
