120 119
1 65
2 81
2 71
3 34
4 14
4 52
5 48
6 107
6 15
7 119
7 16
8 99
8 52
9 75
9 13
10 32
10 37
10 57
10 66
10 97
11 21
11 29
12 18
12 30
12 54
12 62
12 78
12 108
12 85
13 51
15 101
16 70
17 87
17 25
19 59
19 28
20 29
20 108
21 112
22 61
22 42
23 90
23 63
24 109
25 33
25 41
25 79
25 84
25 107
26 109
27 107
28 75
30 35
31 36
31 78
34 55
34 68
34 106
34 107
36 120
37 114
38 116
39 61
40 101
40 109
41 50
42 98
43 96
44 119
45 83
46 113
47 109
48 49
49 104
51 94
52 64
52 97
52 102
52 103
52 117
52 107
53 107
56 114
58 112
59 105
60 83
60 99
63 107
64 69
65 109
66 88
67 72
67 82
69 98
70 87
71 84
73 120
74 76
74 89
74 104
74 111
77 83
79 96
80 114
81 100
82 107
83 111
83 118
85 106
86 112
88 113
91 120
92 107
93 96
94 117
95 116
95 118
110 114
112 115
