350 349
1 12
1 208
2 287
3 350
4 175
5 308
5 28
6 67
6 69
7 152
8 145
8 252
9 21
9 159
10 294
10 66
11 241
11 317
12 89
12 189
12 215
13 141
13 191
13 343
13 89
14 280
15 119
15 132
16 132
17 263
17 198
18 325
18 123
19 88
19 183
20 280
22 340
23 54
23 164
23 203
23 311
24 248
24 330
25 132
26 350
27 36
28 215
29 346
30 214
31 66
32 118
33 59
33 266
34 234
35 277
35 322
36 240
36 302
36 39
37 90
37 209
38 260
39 47
39 129
39 159
39 205
39 54
40 256
41 320
41 336
42 293
42 151
43 183
44 260
44 201
45 346
46 121
46 217
48 333
49 138
50 247
51 139
51 179
52 64
52 107
52 258
52 70
53 180
53 309
53 333
53 190
55 318
55 282
56 235
56 239
57 97
57 182
58 322
59 165
59 176
59 268
60 285
61 320
62 221
63 245
63 112
65 259
66 182
66 289
66 303
66 122
68 214
68 267
69 117
70 214
71 115
72 146
72 261
73 146
74 250
74 299
75 159
76 87
76 260
77 155
78 98
78 264
79 244
79 83
80 337
81 221
82 304
82 202
83 326
84 329
84 262
85 265
86 145
87 307
89 163
89 231
90 104
90 109
90 114
91 233
91 290
91 186
92 232
92 113
93 275
93 160
94 118
95 327
96 245
97 153
97 202
97 211
97 283
99 322
99 294
100 163
101 183
102 252
102 106
103 253
103 169
104 148
105 337
106 125
106 194
106 276
106 316
108 234
109 118
109 201
109 280
110 252
111 273
111 350
111 199
112 127
112 316
112 327
112 136
113 276
115 171
115 238
115 242
116 137
116 212
117 312
118 296
119 265
120 312
121 349
122 189
123 192
124 196
124 305
124 129
126 129
128 210
128 288
129 286
130 243
130 196
131 132
131 152
132 220
132 242
133 169
133 151
134 246
135 185
136 229
137 178
138 300
140 163
142 247
143 204
144 257
145 161
145 274
146 285
146 336
147 163
148 264
149 246
150 217
150 252
151 254
151 270
151 310
152 226
152 269
152 350
154 212
154 294
155 163
156 260
157 281
157 302
158 280
159 197
159 271
160 339
162 261
162 308
165 341
166 168
167 210
168 184
168 282
168 301
170 322
172 262
173 325
174 195
174 326
175 187
175 224
175 300
175 347
175 240
177 285
179 216
181 294
183 186
183 237
185 274
188 299
188 211
190 223
192 346
193 229
195 204
198 234
199 324
200 341
205 339
206 262
206 275
207 304
208 315
209 289
210 230
210 236
210 338
213 325
214 292
216 273
218 259
218 284
219 350
221 311
221 249
222 341
223 337
225 317
227 285
228 260
229 288
229 310
229 314
229 242
230 313
231 237
234 305
239 308
241 249
242 247
244 256
246 319
246 344
246 338
247 266
248 287
251 297
251 262
255 340
255 347
257 267
257 298
257 301
257 296
261 323
261 335
262 321
269 312
272 294
273 278
273 279
273 306
283 332
284 322
291 325
293 342
295 349
298 337
308 324
308 326
309 331
312 345
315 317
326 348
328 340
330 346
331 346
334 341
