300 299
1 72
1 109
2 81
2 241
3 30
3 50
3 129
3 236
3 93
4 95
4 207
4 263
4 298
5 231
6 39
6 135
6 255
6 285
7 19
7 122
7 200
7 236
8 223
8 298
9 208
10 11
10 29
10 146
10 41
12 61
12 104
12 157
12 100
13 14
13 66
13 300
13 59
14 165
14 286
15 34
15 155
15 240
15 275
15 228
16 212
17 176
18 112
20 132
21 68
21 101
21 209
21 82
22 87
23 27
24 93
24 199
24 212
24 277
24 67
25 292
26 63
27 120
27 130
27 68
28 199
31 157
32 70
32 109
33 260
34 100
35 61
36 206
37 63
38 206
40 111
41 107
42 94
42 144
42 172
42 163
43 206
44 241
45 167
46 284
47 98
47 223
48 67
49 104
50 59
50 183
50 266
50 271
51 208
52 273
52 253
53 222
54 65
55 219
55 286
56 187
57 84
58 287
58 275
60 208
61 85
61 108
61 234
62 134
63 131
63 152
64 111
65 225
65 278
65 251
67 216
67 234
68 246
68 267
69 222
70 151
70 213
70 249
71 259
72 89
72 137
72 228
72 251
73 299
74 76
74 156
74 264
74 221
75 267
77 198
78 184
78 227
78 224
79 116
79 153
79 164
79 205
80 295
81 159
82 138
83 295
84 106
84 289
84 163
86 253
87 161
87 175
87 244
87 174
88 284
90 240
91 102
91 103
92 188
96 288
97 295
98 233
99 299
102 154
102 168
102 290
103 105
104 149
104 193
105 226
105 268
105 282
105 275
107 139
107 218
107 270
107 275
110 197
111 115
112 113
112 185
112 248
112 121
114 198
115 222
117 288
118 265
119 248
121 284
121 299
121 260
123 187
123 222
123 265
123 277
124 259
125 283
126 134
127 181
128 279
128 242
132 140
132 204
132 182
133 288
134 280
134 152
136 195
138 244
141 188
142 273
143 180
145 283
147 291
148 195
150 267
151 180
151 256
151 291
152 197
152 256
154 176
157 269
157 294
158 181
159 206
159 208
159 288
160 292
162 179
163 295
163 279
165 258
166 212
167 203
167 250
167 243
169 179
170 181
171 233
173 231
174 181
174 241
176 182
176 189
177 188
177 231
177 259
177 246
178 299
179 229
179 243
180 239
180 254
186 223
187 230
187 296
188 196
190 267
191 284
192 197
194 240
195 281
195 221
197 210
198 215
198 298
199 214
199 276
201 248
202 258
205 240
208 232
211 265
212 237
217 231
220 291
221 233
222 262
223 257
224 284
232 253
233 297
235 265
236 241
236 292
238 292
240 252
242 277
243 283
243 277
245 260
245 282
247 291
248 298
253 274
253 285
259 293
260 261
272 283
