100 99
1 50
2 87
3 94
3 80
4 87
5 87
5 69
6 33
6 35
7 70
8 48
8 28
9 36
9 61
10 69
11 77
11 76
12 91
12 60
13 56
13 83
14 52
14 55
14 93
15 74
16 65
16 41
17 95
18 31
18 84
19 69
19 70
20 79
21 79
21 91
22 76
23 94
24 91
25 45
25 74
26 56
27 34
27 45
28 59
29 63
29 70
30 91
31 60
32 33
34 44
35 74
37 86
37 41
38 92
39 44
40 54
40 44
41 58
41 81
41 46
42 60
43 88
44 84
46 50
47 66
49 60
50 53
50 80
51 69
54 61
56 62
56 71
57 94
59 79
60 88
60 90
62 98
63 75
64 66
64 67
64 72
64 85
65 76
68 82
68 98
69 73
70 99
70 77
74 96
76 93
76 100
78 91
79 95
79 97
82 92
83 97
85 87
89 92
94 96
