400 399
1 295
2 277
2 23
3 161
3 26
4 113
4 149
4 395
4 85
5 26
6 69
6 97
6 196
6 331
7 352
7 317
8 393
8 105
9 327
9 271
10 197
10 200
10 203
10 238
10 274
10 331
10 71
11 17
11 20
12 41
12 359
13 29
13 193
14 320
15 125
15 338
16 67
17 173
18 75
18 163
18 228
18 264
19 250
20 104
21 38
21 78
21 103
21 157
21 186
21 387
21 62
22 294
22 190
23 339
24 82
24 133
24 360
24 274
25 263
25 280
25 326
25 243
26 266
26 392
26 124
27 293
27 309
28 36
29 36
30 116
30 310
30 396
30 334
31 241
32 315
33 89
34 166
34 112
35 181
35 351
37 352
39 235
40 99
40 132
40 330
40 339
40 364
42 191
42 246
42 303
42 356
42 388
43 369
44 302
44 367
45 339
46 135
46 144
46 151
46 234
46 245
46 330
47 309
47 295
48 61
48 335
48 358
48 390
49 352
50 148
50 187
50 140
51 108
51 293
52 344
53 138
54 104
55 142
56 177
56 238
57 258
58 247
58 258
59 272
60 151
62 114
62 131
62 195
62 198
62 121
63 229
64 382
64 115
65 395
66 128
67 137
67 298
68 160
69 334
70 74
71 128
71 249
71 253
71 332
71 337
71 115
72 337
73 130
73 272
74 296
76 329
77 322
77 174
78 272
79 318
80 115
81 382
83 315
83 268
84 229
85 121
86 265
86 257
87 132
88 124
88 264
89 312
90 340
90 171
91 284
91 379
91 153
92 314
93 287
93 278
94 209
94 253
95 102
95 175
95 212
95 246
96 371
98 349
99 255
100 324
100 255
101 262
104 204
104 165
105 114
106 140
106 330
107 193
109 330
110 364
110 200
111 230
112 145
112 353
112 273
113 134
113 150
113 164
115 223
115 367
115 276
116 224
117 363
117 154
118 160
119 230
119 390
120 219
121 349
121 329
122 355
123 184
124 359
124 369
126 316
126 128
127 376
127 249
128 270
129 286
129 375
129 399
129 194
130 190
132 207
132 318
132 378
136 332
138 291
139 332
141 391
141 147
142 296
142 381
142 151
143 278
146 315
147 300
147 372
147 215
149 159
149 225
149 311
150 344
151 180
152 278
153 294
154 331
155 285
155 340
156 323
156 395
157 233
158 271
158 309
159 388
160 168
160 353
161 320
162 219
165 192
166 377
167 181
169 241
170 250
171 179
171 374
171 384
171 269
172 370
172 289
174 380
176 350
176 333
178 341
180 217
180 373
180 394
181 182
181 240
183 347
183 245
184 350
185 348
185 299
188 395
189 262
189 361
192 362
193 261
193 234
194 262
197 385
199 235
199 255
201 369
202 385
203 208
204 333
205 329
206 330
207 291
208 317
210 255
211 343
212 275
213 355
214 273
214 316
215 328
216 219
218 359
219 368
220 262
221 355
222 302
224 227
224 268
224 279
226 285
229 346
231 262
232 259
232 272
233 304
236 351
237 305
237 321
239 240
241 283
241 292
241 331
242 351
243 270
244 339
247 250
248 258
250 342
251 302
252 309
254 349
255 368
256 371
257 370
258 288
258 301
259 357
260 344
261 299
263 390
264 332
266 341
267 346
267 397
269 302
276 309
277 329
278 356
281 371
282 352
283 289
287 371
290 380
290 391
297 320
298 369
301 374
306 339
307 341
308 362
308 315
312 347
313 317
314 384
317 325
317 398
319 344
321 376
324 351
328 337
331 397
332 365
336 351
337 338
337 389
343 377
345 369
349 354
351 366
355 390
357 386
359 383
361 382
382 400
