350 349
1 280
1 309
2 41
2 185
3 90
4 276
5 315
5 180
6 59
6 141
6 228
6 67
7 30
7 76
7 216
7 191
8 104
8 320
9 331
10 21
10 32
10 285
10 324
10 256
11 190
11 275
11 279
11 245
12 108
12 123
12 248
12 344
13 312
13 23
14 133
15 210
15 301
16 127
16 102
17 225
18 22
19 269
19 215
20 269
22 165
22 272
22 280
23 133
23 221
23 186
24 27
24 150
24 183
24 217
24 261
24 41
25 153
26 346
26 173
27 251
28 341
29 75
29 55
31 185
33 60
33 266
34 289
34 187
35 55
35 189
35 314
35 129
36 225
37 290
38 325
39 149
39 287
40 109
40 50
41 111
41 172
41 195
41 201
42 93
42 171
42 263
42 285
43 47
43 99
43 155
43 243
43 84
44 144
45 164
46 236
48 51
48 100
48 224
48 280
49 291
50 288
50 307
50 275
52 168
52 343
53 85
54 178
54 274
56 112
57 325
57 149
58 222
61 161
61 227
61 241
61 335
61 248
62 63
62 89
63 143
64 178
65 284
66 125
66 84
67 272
68 305
69 178
70 348
71 247
72 153
72 219
73 223
73 85
74 320
74 208
75 246
77 85
77 143
78 91
78 240
79 343
79 182
80 173
80 153
81 84
82 245
82 131
83 92
83 169
83 264
83 151
84 116
84 300
84 96
85 140
86 284
87 167
87 207
87 342
87 256
88 348
89 285
90 196
90 271
90 321
90 110
91 122
94 212
95 103
95 120
96 170
97 106
98 112
100 319
101 182
102 153
103 134
104 198
104 249
104 294
105 151
106 205
107 218
109 213
109 234
109 254
109 270
110 247
111 238
112 262
112 117
113 147
114 152
114 255
115 339
115 244
117 171
118 179
119 295
120 333
121 212
121 223
124 247
126 310
128 297
129 141
130 184
131 180
132 295
135 170
136 170
136 285
137 179
138 298
138 239
139 222
142 333
144 206
144 235
144 341
145 212
146 338
147 285
148 160
148 161
149 197
149 209
150 278
151 240
151 331
151 205
152 157
153 177
153 303
153 330
154 225
155 219
156 184
158 349
159 266
159 160
161 218
162 269
163 295
164 174
164 304
164 253
166 305
168 239
170 175
170 252
174 182
174 260
174 323
176 215
177 276
178 205
179 319
180 273
180 243
181 278
182 211
184 290
184 265
185 337
185 280
186 285
187 345
188 278
191 285
192 223
193 305
193 332
194 318
194 260
199 278
200 208
202 267
203 212
204 341
204 264
205 236
205 301
208 258
208 347
213 229
214 332
215 329
215 315
218 237
218 253
218 311
220 332
222 313
222 271
223 274
223 277
225 228
226 283
226 293
226 328
226 309
228 284
230 291
231 303
232 296
232 257
233 323
236 281
236 287
236 308
238 242
238 316
238 317
244 256
247 259
250 325
251 336
255 305
256 344
256 333
257 341
259 318
261 333
262 349
265 348
267 283
268 325
270 326
280 334
280 340
282 323
284 322
286 335
291 310
291 330
292 349
295 299
297 300
299 338
302 336
306 338
312 350
323 327
326 348
332 334
338 340
342 347
345 349
