500 499
1 391
2 13
3 293
4 237
5 24
6 450
7 267
8 404
8 152
9 78
10 103
11 340
12 90
13 331
13 424
13 303
14 391
15 148
16 63
16 267
16 293
16 229
17 146
17 369
17 498
17 493
18 314
19 171
20 192
20 385
21 478
21 134
22 276
23 50
23 309
23 488
23 490
23 188
24 68
24 297
24 420
25 38
25 46
25 76
25 420
26 56
26 136
26 160
26 287
26 300
27 236
27 325
27 379
27 370
28 98
28 244
28 390
28 310
29 265
30 478
31 124
32 242
33 203
33 306
33 433
33 411
34 473
35 117
36 347
37 473
37 395
39 334
40 57
41 227
42 480
43 321
44 385
45 49
45 237
45 255
45 301
46 71
47 422
47 285
48 152
48 171
48 173
48 354
49 217
49 284
49 449
51 282
52 220
53 260
54 119
55 313
55 103
57 177
57 393
57 188
58 255
59 326
59 349
60 130
61 324
62 161
63 153
63 274
63 494
64 106
64 295
64 444
64 461
65 92
65 180
65 204
65 187
66 225
67 247
67 343
67 399
67 303
69 497
70 105
71 215
71 366
71 370
71 464
72 239
72 253
72 387
72 397
73 321
74 364
74 382
74 431
74 420
75 455
77 500
77 246
78 139
78 156
78 493
79 120
80 384
81 362
82 322
82 133
83 133
83 145
83 356
83 230
84 251
85 380
85 252
86 249
86 258
86 260
86 240
87 115
87 155
87 318
87 417
88 122
88 452
89 475
90 214
90 299
90 486
91 315
93 117
94 132
94 309
95 103
96 268
97 242
99 276
99 324
99 385
99 240
100 261
101 327
101 381
101 474
101 461
102 143
103 219
103 238
104 124
105 264
105 270
105 396
107 197
107 208
107 211
107 483
108 302
109 486
109 261
110 308
111 384
112 252
112 417
113 298
113 347
113 415
114 251
114 500
116 121
116 182
116 463
116 159
117 125
117 483
118 323
119 461
119 466
119 404
120 352
120 442
120 436
122 143
123 315
124 195
124 456
126 452
127 267
128 334
129 176
129 288
129 332
129 436
130 165
130 418
130 446
131 250
132 186
132 243
132 361
132 499
133 261
133 491
134 169
134 206
134 286
134 188
135 478
136 388
137 408
138 469
140 302
140 368
140 448
140 391
141 293
142 362
143 359
143 384
143 397
144 178
144 156
147 248
148 163
148 202
148 363
149 258
150 475
151 340
152 398
152 462
154 323
157 250
158 423
159 345
159 423
159 368
161 378
161 426
161 439
162 345
164 497
166 178
167 416
167 477
168 189
168 465
170 416
171 344
171 446
172 268
173 420
174 345
175 435
179 251
181 388
183 450
184 223
184 316
184 350
184 436
185 459
185 301
187 315
187 480
187 218
188 207
188 411
188 201
190 435
191 491
192 392
193 355
194 300
194 411
196 396
196 406
198 496
198 248
199 242
200 333
200 471
200 487
200 310
201 310
201 407
201 322
205 258
207 279
207 296
207 412
209 455
210 475
212 285
213 225
214 323
214 334
214 469
216 329
218 370
220 371
220 453
220 275
221 255
222 285
224 238
224 459
225 338
225 453
226 261
227 348
227 353
227 439
228 265
229 490
230 389
231 392
232 480
233 465
233 267
234 365
235 423
237 246
237 319
240 303
240 335
241 268
242 406
243 250
243 301
243 455
245 323
248 458
248 394
249 273
249 311
249 492
250 374
251 254
255 358
256 459
257 479
257 353
258 269
259 354
260 402
260 434
262 282
263 478
265 432
265 493
266 496
268 406
271 324
272 361
275 327
276 305
276 357
277 365
278 500
280 329
280 392
281 480
282 468
282 397
283 326
285 396
289 497
290 355
291 416
292 491
293 414
294 298
298 339
298 438
300 403
300 435
301 483
302 328
302 421
303 497
304 479
307 313
308 376
308 413
308 417
310 340
312 435
313 341
313 477
314 375
314 441
314 396
315 383
317 347
320 448
321 410
321 407
324 457
326 351
326 406
329 485
329 489
330 403
334 395
335 478
336 469
337 403
340 476
342 440
345 373
346 455
347 429
349 385
354 419
354 451
354 411
355 425
355 407
360 408
360 440
362 427
362 370
363 469
365 482
365 456
367 493
367 439
372 452
377 423
380 456
384 443
386 496
388 437
389 448
391 484
392 467
394 448
397 447
400 448
401 415
403 445
405 459
407 475
409 415
411 452
415 422
416 439
417 459
428 440
430 491
436 447
440 456
450 454
450 483
460 500
469 470
472 479
473 481
495 496
