500 499
1 162
2 188
3 142
3 179
4 57
4 208
4 261
4 395
4 416
5 357
5 185
6 347
6 481
7 318
7 139
8 219
9 181
10 297
10 139
11 351
12 68
13 279
13 305
13 443
13 17
14 55
15 269
16 300
16 430
17 412
18 187
19 225
19 270
19 319
19 384
19 89
20 185
21 217
22 490
22 433
23 140
24 156
24 180
24 204
24 345
24 258
25 177
25 233
26 214
26 463
27 273
28 499
28 386
29 42
29 73
30 96
30 117
30 315
30 358
30 381
30 368
31 386
32 309
32 387
32 184
33 109
33 139
34 408
34 170
35 166
35 186
35 243
35 370
35 264
36 140
37 45
37 136
37 375
38 453
38 248
39 146
39 412
40 227
40 381
41 406
42 253
42 337
42 363
43 61
44 116
44 419
44 465
44 94
46 382
46 301
47 429
48 373
48 73
49 341
50 206
50 432
51 441
51 168
52 472
52 325
53 334
53 397
54 209
54 384
55 130
55 131
55 237
55 364
56 288
58 289
58 464
59 170
59 269
60 391
60 351
61 372
61 165
62 475
63 106
64 223
65 397
65 417
66 219
67 405
68 287
68 271
69 281
70 75
71 493
72 168
72 202
72 461
72 282
73 254
73 477
73 495
73 192
74 278
74 438
75 294
76 482
76 266
77 212
78 351
79 412
80 179
80 293
80 474
80 402
81 398
82 115
82 447
83 221
83 296
83 463
83 150
84 355
85 423
85 451
86 269
86 498
87 260
87 91
88 409
88 449
89 142
90 267
90 142
91 364
92 120
93 500
93 394
94 259
94 306
94 336
94 356
95 256
95 377
97 361
97 121
98 420
98 499
99 303
99 357
100 236
100 265
101 138
101 427
102 377
102 228
103 451
103 232
104 403
105 122
105 145
106 133
106 410
106 175
107 310
107 453
108 216
109 468
110 200
110 219
111 493
112 250
112 421
112 440
112 444
112 220
113 439
113 476
114 322
115 292
118 213
118 405
119 127
120 368
120 484
120 373
121 380
122 277
123 313
123 406
124 482
125 464
125 214
126 232
126 213
127 190
128 322
129 199
130 205
131 488
132 167
134 154
135 211
135 436
135 470
135 383
137 456
137 284
138 383
139 203
139 390
139 494
139 209
140 199
140 353
140 203
141 482
142 359
142 422
142 489
143 266
144 476
145 283
145 330
145 402
145 416
145 448
145 364
147 380
148 471
149 415
150 481
151 288
151 427
152 329
152 446
153 240
153 208
154 404
154 434
154 350
155 240
156 380
157 366
158 171
158 198
159 400
160 224
161 288
162 242
162 257
162 356
163 244
164 453
165 341
166 396
167 238
167 391
169 476
169 437
171 460
172 223
172 258
172 272
172 469
172 276
173 492
173 397
174 197
174 380
175 213
176 405
177 411
178 381
181 334
182 386
183 435
184 378
185 428
185 479
185 364
187 394
187 458
187 496
187 358
188 492
189 317
190 381
191 192
192 233
192 317
192 476
193 449
193 437
194 222
195 201
195 426
196 445
197 274
197 431
197 455
198 302
199 262
199 407
200 425
201 219
204 312
205 239
205 295
206 487
207 231
207 281
210 371
210 418
212 331
212 349
212 364
213 220
213 285
213 286
214 302
215 462
215 343
216 420
217 365
217 435
217 376
218 326
222 335
222 452
222 411
224 255
224 327
224 413
224 270
225 354
226 288
227 244
228 341
229 264
229 386
230 427
231 351
232 328
232 483
234 275
234 281
235 291
235 412
241 429
241 361
243 294
245 267
246 471
247 325
248 407
249 425
251 301
251 310
252 437
252 257
253 276
260 457
262 263
263 433
265 477
266 348
266 337
267 282
267 342
267 417
268 374
268 423
269 389
271 379
273 486
273 290
275 412
277 497
278 341
280 388
280 396
281 364
281 437
283 343
284 487
290 410
291 438
292 314
292 446
292 473
295 393
298 451
299 437
303 355
304 325
307 322
307 317
308 447
308 380
309 485
311 347
315 333
316 398
316 386
317 369
320 490
321 429
322 378
322 459
323 405
323 341
324 415
325 397
326 422
330 401
332 438
338 427
339 392
340 457
341 424
344 476
346 406
350 453
351 432
352 388
354 466
360 478
362 471
364 406
366 409
367 447
375 438
376 406
379 397
380 418
385 447
386 491
387 445
390 415
392 481
399 427
400 451
401 481
403 459
414 431
415 498
426 441
427 439
430 472
440 475
442 475
450 466
453 454
467 499
468 493
469 471
478 488
480 499
481 491
