450 449
1 355
2 98
3 128
4 297
5 339
5 347
6 147
7 214
8 291
9 116
10 343
11 81
12 183
13 128
14 110
14 160
15 191
16 232
17 252
17 75
18 159
18 22
19 146
19 272
20 442
21 249
22 85
23 438
24 173
25 271
26 121
27 223
27 296
27 334
27 447
27 374
28 349
28 342
29 263
30 378
30 408
31 121
31 202
31 270
31 321
31 295
32 366
33 59
33 386
34 351
35 304
36 405
37 196
38 437
38 409
39 83
39 185
39 423
39 426
39 43
40 55
40 115
40 231
40 392
40 212
41 353
42 253
42 325
42 388
42 231
43 299
43 345
43 393
44 297
44 272
45 176
45 272
46 416
47 149
48 326
49 399
50 106
50 137
50 260
50 427
51 184
51 391
52 215
52 416
53 391
54 159
56 297
57 394
57 252
58 79
59 320
60 161
61 270
62 414
63 103
64 179
64 123
65 306
66 310
67 394
68 394
69 431
70 98
70 409
70 416
70 327
71 244
72 281
73 93
74 329
75 348
76 219
77 306
78 267
79 278
79 91
80 399
81 436
81 446
81 247
82 405
82 153
83 233
84 259
84 298
84 425
84 309
85 205
85 449
85 375
86 210
87 212
88 252
89 112
90 317
90 415
90 122
91 191
92 313
93 190
93 292
93 425
94 167
94 174
94 280
94 139
95 117
95 170
95 244
95 309
95 391
95 306
96 194
96 265
96 322
96 424
97 369
98 282
98 435
99 242
99 228
100 345
101 133
102 139
102 363
103 431
104 329
105 284
107 323
108 366
108 343
109 354
109 117
110 387
111 418
112 359
112 413
112 258
113 313
114 134
116 209
116 396
116 128
117 210
117 348
117 353
118 326
119 285
119 330
120 297
121 216
121 365
122 131
122 284
122 170
123 414
124 154
124 225
124 269
124 241
125 417
125 173
126 408
127 369
128 351
128 424
128 308
129 163
129 439
129 444
129 330
130 418
131 172
131 195
131 289
132 304
133 256
133 384
133 432
133 369
134 142
134 294
134 346
135 219
135 171
136 146
138 399
140 352
141 362
141 368
141 395
141 404
141 211
142 374
143 249
143 360
144 241
145 353
147 211
147 255
147 176
148 261
149 162
150 348
151 323
152 434
153 280
155 179
156 274
157 326
157 272
158 389
159 331
160 289
161 318
162 387
164 366
165 343
166 378
167 281
168 281
169 232
171 258
173 377
173 411
175 196
177 301
177 336
178 275
178 367
178 344
180 386
181 386
182 431
183 361
184 438
186 438
187 422
187 345
188 303
188 381
188 433
188 211
189 398
189 210
191 293
191 445
191 211
192 206
192 229
192 441
192 262
193 235
193 290
193 410
193 420
196 239
196 315
197 409
198 368
199 272
200 251
201 249
202 315
202 318
202 342
202 375
203 210
204 413
207 295
208 385
210 386
212 243
212 400
212 346
213 244
214 266
214 337
214 247
215 434
217 363
218 305
220 389
221 363
222 312
222 333
222 397
222 427
223 232
224 355
226 353
227 271
228 352
229 330
230 436
232 277
233 385
234 299
236 409
237 284
238 326
240 414
241 247
241 248
241 321
242 310
244 250
244 283
245 271
246 368
247 393
251 402
251 440
251 346
252 371
254 263
254 425
257 261
258 261
258 300
261 364
262 313
262 327
262 355
263 380
263 383
264 369
267 354
268 274
270 316
270 338
271 447
272 341
272 363
273 385
274 382
274 432
276 394
279 352
281 319
283 427
284 311
285 406
286 306
286 376
287 291
288 405
291 430
291 447
295 314
295 412
299 332
299 360
300 304
301 350
302 386
304 376
304 330
305 307
305 370
305 398
308 366
310 336
310 358
312 372
313 373
315 329
323 390
323 375
324 378
328 343
328 335
329 429
330 369
335 355
340 348
344 368
345 428
346 349
347 421
350 412
351 401
352 370
356 434
357 408
361 384
363 427
368 419
378 403
379 389
379 431
379 418
383 418
386 420
391 407
399 443
406 443
408 437
411 434
414 425
416 450
417 442
418 448
421 438
