500 499
1 35
2 93
2 228
2 267
2 324
3 111
4 38
5 69
6 373
7 487
8 395
9 470
10 11
10 12
11 235
11 292
11 375
12 149
12 495
12 485
13 43
13 206
13 307
13 63
14 105
14 419
15 445
16 352
17 67
17 174
17 331
17 378
17 249
18 483
19 450
20 327
21 214
22 216
22 272
22 400
22 134
23 92
24 138
25 413
25 117
26 158
26 172
26 407
26 36
27 61
28 273
28 110
29 87
30 346
31 160
31 61
32 268
33 101
34 428
35 68
36 52
36 92
36 237
37 161
38 358
38 439
38 53
39 46
39 125
39 355
39 253
40 97
40 257
40 339
40 275
41 250
42 156
44 294
44 347
44 420
44 444
44 118
45 349
45 52
46 145
47 470
48 178
49 102
49 152
49 234
49 360
50 253
51 348
52 398
52 419
53 139
53 388
53 427
53 445
53 165
54 479
54 413
55 82
55 471
56 250
57 285
57 321
57 481
57 134
58 65
58 349
59 354
60 176
60 136
61 264
61 295
61 145
62 220
63 455
64 69
64 116
64 354
64 243
66 308
66 216
68 324
69 191
69 379
70 485
70 399
71 277
72 346
72 238
73 231
74 415
75 164
76 130
77 189
77 265
78 110
79 88
80 107
81 487
82 179
83 471
84 479
85 409
86 189
87 409
88 245
88 436
88 403
89 205
90 306
91 278
91 361
92 170
92 230
94 488
95 180
95 225
95 323
95 414
95 324
96 352
96 189
98 428
99 184
99 304
100 256
100 270
100 451
100 324
101 236
101 290
101 418
101 145
102 255
103 455
104 395
105 130
106 340
107 381
107 417
107 326
108 231
109 343
110 411
110 425
110 364
111 136
111 167
111 134
112 138
113 175
113 231
114 479
115 304
116 361
117 164
117 276
117 370
117 390
117 444
118 385
119 275
119 376
120 323
121 445
122 422
123 431
124 261
124 282
124 465
124 498
125 154
125 319
125 367
126 422
127 471
128 220
129 260
130 310
130 328
131 156
131 211
132 137
133 239
133 457
133 480
133 383
134 301
135 483
137 269
138 344
138 328
140 215
141 201
142 343
142 470
142 164
143 176
144 342
145 348
145 456
146 165
147 237
147 403
148 441
148 443
148 491
148 275
149 368
150 422
150 277
151 488
151 364
153 483
155 215
156 177
157 494
158 492
159 163
160 178
161 168
161 437
161 366
162 340
163 262
163 393
163 430
163 375
164 210
164 472
165 166
165 293
165 210
166 342
169 314
171 207
173 204
173 243
173 426
173 496
173 182
175 286
175 341
175 369
176 371
176 383
176 386
179 218
181 186
181 268
181 288
181 284
182 403
183 413
184 409
185 332
187 304
187 389
188 427
189 287
190 314
192 333
193 242
193 380
193 423
193 290
194 309
194 350
195 229
195 330
196 201
196 219
197 385
198 209
198 221
198 315
199 327
200 431
201 351
201 405
202 487
202 388
203 355
204 373
205 364
205 500
205 499
207 382
207 432
207 361
208 350
209 499
211 266
212 255
213 387
214 300
214 377
214 284
215 345
215 275
217 250
219 303
219 416
219 453
219 290
220 363
220 290
222 332
223 463
224 260
226 291
226 352
227 246
227 259
227 482
227 366
231 241
232 431
232 323
233 306
238 431
240 387
241 487
243 247
243 435
243 461
244 306
248 291
249 352
250 430
251 385
251 451
252 266
253 280
253 384
254 269
254 389
255 452
258 399
260 384
260 403
260 279
263 327
265 348
266 497
266 274
271 308
274 409
277 359
277 360
277 404
277 498
277 346
279 442
281 323
283 334
284 467
284 338
288 327
289 463
290 333
290 471
290 490
291 392
291 449
296 428
296 463
296 350
297 489
298 427
299 488
301 374
302 312
302 421
302 459
302 460
304 305
306 466
311 479
313 343
314 473
314 361
315 346
316 354
317 450
317 411
318 332
320 462
322 348
323 477
324 336
325 342
326 333
327 460
329 354
330 458
332 403
333 408
333 468
334 456
335 494
335 368
337 346
338 396
340 429
340 364
342 458
343 493
350 469
350 353
351 478
352 389
353 389
355 394
355 397
356 428
357 387
362 389
364 454
365 467
366 489
366 478
370 395
371 455
372 385
373 434
373 466
374 387
374 415
374 422
376 446
378 399
383 483
389 433
391 445
395 442
396 490
399 406
401 489
402 462
409 475
410 462
412 413
415 440
424 445
427 476
438 489
446 498
447 470
448 463
455 486
462 498
464 494
467 474
467 484
