450 449
1 68
2 379
3 75
3 35
4 252
5 177
6 27
6 13
7 408
8 421
8 226
9 388
9 64
10 205
11 237
12 259
13 148
14 101
14 398
15 266
15 412
16 187
17 33
17 36
17 123
17 372
17 89
18 264
18 309
18 327
18 127
19 303
20 314
20 356
21 333
22 358
22 441
22 256
23 382
24 374
24 197
25 255
26 143
26 250
27 224
27 334
28 90
28 395
28 449
28 101
29 235
29 268
30 76
30 89
30 295
30 338
31 35
32 325
34 82
34 169
34 285
34 262
35 239
35 244
35 290
35 403
35 59
36 212
37 148
37 411
38 408
39 122
39 185
39 281
39 410
39 330
40 365
41 86
41 112
42 140
42 262
42 394
42 422
42 290
43 339
44 330
45 193
45 68
46 212
47 117
47 314
48 204
48 250
49 429
49 309
50 259
51 210
51 291
51 407
51 438
51 78
52 115
52 166
52 352
52 390
52 103
53 325
54 382
55 278
55 259
56 442
56 314
57 163
57 205
58 289
58 115
59 124
60 99
61 268
62 303
63 69
63 141
63 434
63 447
64 83
64 106
64 338
65 84
65 306
65 370
65 148
66 326
66 79
67 213
68 87
68 346
70 167
71 408
72 161
73 195
74 228
74 310
74 380
74 423
75 161
77 402
78 207
79 226
79 359
79 386
79 288
80 446
81 117
82 201
82 261
82 335
85 274
85 285
86 267
86 286
86 313
87 253
88 263
91 184
92 198
92 329
93 117
94 191
95 289
96 238
97 147
97 187
98 427
99 119
99 243
99 367
100 321
101 307
101 440
101 446
102 450
103 153
104 124
105 190
105 168
107 197
108 219
108 261
109 310
110 268
111 211
111 351
112 190
113 177
113 431
114 195
114 173
116 288
116 360
117 269
118 190
120 148
121 446
122 144
122 150
122 319
124 318
124 134
125 345
125 204
126 296
126 277
127 376
127 408
127 410
128 376
129 307
130 206
130 350
130 423
130 244
131 159
132 317
132 213
133 177
134 256
134 303
134 212
135 146
135 427
136 247
136 282
136 265
137 368
138 339
139 182
139 251
140 430
142 187
142 324
143 338
145 253
146 396
147 160
147 377
147 448
149 412
151 431
152 325
152 303
153 168
154 308
154 233
155 335
156 184
157 439
157 339
158 245
158 343
159 405
159 416
159 290
162 439
163 168
164 198
165 251
165 276
167 384
167 393
167 291
168 186
168 420
170 298
170 324
170 417
170 416
171 216
172 268
172 374
173 363
174 289
175 365
176 187
177 300
178 276
179 368
179 240
180 333
181 371
182 412
183 362
184 322
184 266
188 329
188 356
188 425
188 367
189 427
189 297
190 241
191 194
191 223
191 236
192 437
192 373
195 220
195 284
196 276
196 255
197 371
197 296
199 402
200 246
200 447
201 238
202 444
203 303
205 305
205 418
205 217
207 242
207 287
207 234
208 365
209 297
211 217
211 323
211 364
211 435
212 249
212 398
213 331
213 280
214 429
215 253
216 406
216 409
216 416
218 330
221 363
221 246
222 268
225 325
227 389
229 427
230 374
231 281
232 317
233 235
234 431
235 413
235 432
236 379
237 281
238 366
238 378
239 382
240 263
240 273
240 392
248 277
248 412
250 354
250 367
250 443
252 445
253 443
254 312
255 304
255 336
257 320
257 344
258 299
259 340
260 272
260 311
260 369
260 338
263 275
263 280
263 383
265 401
270 275
271 402
271 412
272 342
273 330
274 348
276 349
276 361
276 445
278 360
279 312
279 437
281 336
281 428
283 297
289 353
290 340
292 389
293 335
294 376
297 349
299 337
301 376
302 357
313 333
314 341
314 397
315 440
316 317
317 355
321 358
322 379
323 339
324 344
326 337
328 374
332 351
333 414
335 411
338 419
339 401
343 448
347 351
351 415
351 416
353 375
357 391
359 389
362 404
362 444
362 430
365 447
367 392
373 390
375 391
379 387
381 439
383 431
385 389
399 431
400 427
402 426
417 450
424 440
433 440
436 446
439 447
