450 449
1 91
1 100
1 249
1 430
2 237
3 293
3 236
4 233
5 222
5 273
5 375
5 444
5 310
6 340
6 388
6 443
6 20
7 373
8 368
9 422
9 167
10 61
11 220
11 13
12 217
13 68
13 160
13 432
14 129
15 332
15 261
16 23
16 44
16 189
16 348
16 309
17 82
17 271
17 282
17 168
18 400
19 369
19 331
20 60
21 39
21 354
21 379
21 298
22 178
22 270
22 283
22 449
22 35
24 34
25 345
26 180
26 196
26 168
27 422
28 237
29 332
30 215
30 373
31 191
31 330
32 167
32 49
33 331
33 321
34 53
34 179
34 260
34 222
35 229
36 220
37 148
37 384
38 236
40 212
41 318
41 176
42 130
42 287
42 349
42 359
42 383
43 169
45 300
46 293
47 428
47 334
48 99
48 193
48 401
48 380
49 52
49 136
49 326
49 357
49 405
49 92
50 112
50 315
50 381
50 406
50 262
51 440
52 56
54 264
55 87
56 253
57 373
58 236
59 345
60 277
61 302
62 111
62 334
62 448
62 262
63 337
64 71
64 263
64 277
64 318
65 339
66 297
67 279
67 144
69 227
70 272
72 80
73 313
73 356
73 398
73 136
74 423
75 255
76 350
77 336
77 377
78 411
79 129
79 374
80 214
81 389
81 329
83 172
84 385
84 233
85 174
85 216
85 264
85 300
85 321
85 426
86 88
87 299
87 338
87 441
88 436
88 420
89 215
90 256
90 383
92 416
93 146
93 265
93 316
93 101
94 161
95 366
95 402
95 273
96 288
97 309
98 105
98 354
101 309
102 113
103 255
104 222
105 446
106 309
106 281
107 330
108 140
108 444
109 211
110 353
113 166
113 169
113 383
114 297
115 411
116 257
116 209
117 229
118 153
119 382
119 397
120 257
121 239
121 243
121 352
121 416
121 386
122 264
123 445
123 140
124 344
124 126
125 246
125 175
126 172
127 233
127 435
128 355
128 320
131 212
131 288
132 395
133 382
134 220
135 220
137 310
138 407
139 377
141 309
142 272
143 408
144 162
144 378
145 202
145 286
145 399
145 425
147 237
149 332
150 410
150 262
151 440
152 397
153 279
154 194
154 298
155 168
155 328
155 387
155 185
156 294
156 309
157 367
158 216
159 167
161 165
161 173
161 393
163 227
164 332
167 252
168 330
168 438
170 361
171 294
172 244
172 407
172 213
174 350
175 250
175 364
175 433
176 375
177 281
178 432
181 385
182 198
182 288
183 186
183 285
184 264
185 230
187 289
188 215
189 322
190 204
190 438
191 373
192 445
194 221
195 305
195 325
196 320
197 377
199 289
200 272
200 294
201 327
203 258
204 383
205 411
205 297
206 215
207 294
208 289
208 212
209 234
209 319
209 315
210 261
211 353
211 395
211 359
212 323
213 232
214 221
215 391
216 266
216 417
217 228
217 235
218 337
219 295
222 311
222 396
223 310
224 440
225 300
226 384
226 333
227 335
227 286
229 317
229 278
230 312
231 291
231 372
231 357
232 410
233 248
235 356
236 325
236 338
237 374
237 298
238 285
239 302
240 327
241 250
242 268
242 342
243 310
245 403
245 305
247 275
247 281
247 307
247 347
247 441
249 288
251 261
254 358
255 403
256 362
257 284
257 329
258 360
258 429
258 393
259 330
260 261
262 394
262 336
264 377
267 312
267 281
269 444
272 376
272 421
274 293
275 342
276 339
278 444
280 367
281 304
281 324
283 397
285 371
285 363
287 420
288 426
289 419
289 442
290 411
292 384
293 365
295 450
295 428
296 337
297 394
298 337
298 404
300 303
301 414
306 361
306 448
307 434
308 368
314 377
326 370
327 431
327 441
330 447
333 410
339 390
339 340
341 397
343 414
345 433
345 435
345 351
346 385
351 367
358 371
363 406
367 370
368 408
368 415
368 383
376 425
378 442
380 396
382 413
382 437
384 386
385 409
385 441
392 444
393 404
393 397
400 434
401 414
410 424
412 422
413 440
414 418
422 427
423 441
429 439
