100 99
1 12
1 86
2 87
3 47
3 46
4 96
4 11
5 54
5 56
6 14
7 87
7 98
8 78
9 23
9 89
10 21
10 97
11 23
12 34
12 35
12 65
12 71
12 85
13 30
13 25
14 16
14 26
14 40
14 91
14 48
15 56
15 39
17 99
17 79
18 19
18 57
19 31
20 39
20 64
21 51
22 93
22 43
23 52
23 58
23 95
24 50
24 25
25 38
25 26
27 87
28 74
28 47
29 46
29 71
30 77
32 80
32 95
33 57
33 98
36 72
36 81
37 82
37 98
40 78
41 63
42 49
43 92
44 48
44 75
45 84
49 78
50 81
53 75
54 61
55 90
55 98
56 60
56 83
56 100
58 64
59 62
59 65
62 63
66 87
67 68
68 91
69 73
69 74
70 98
75 84
75 85
76 97
76 88
78 79
78 89
88 98
90 94
92 96
98 99
