160 159
1 58
2 22
2 87
3 146
4 14
5 137
5 31
6 104
7 66
8 27
8 118
8 147
8 55
9 45
10 36
10 45
11 64
11 71
12 23
13 57
14 38
14 95
14 111
15 86
16 84
16 57
17 44
17 129
17 132
17 111
18 154
18 67
19 109
19 91
20 89
21 24
23 82
23 150
23 158
24 26
24 70
24 126
25 92
25 102
25 105
25 112
25 113
25 123
27 101
28 104
28 92
29 144
29 153
29 64
30 68
30 156
31 131
32 86
33 109
34 72
34 108
35 68
36 79
37 139
37 104
39 78
40 58
41 67
41 69
42 146
43 48
43 86
44 158
45 126
45 148
46 147
47 68
48 88
49 73
49 52
50 146
50 59
51 71
52 111
53 86
54 137
55 124
55 140
55 94
56 156
56 69
57 117
57 119
58 98
58 125
59 128
59 134
59 159
59 139
60 123
61 68
62 146
63 130
65 133
65 123
66 103
66 119
66 116
68 138
69 81
69 107
71 160
71 115
73 115
74 89
74 131
75 152
76 142
77 79
78 84
80 131
81 111
83 138
85 142
85 105
86 110
87 159
90 151
91 151
93 152
93 117
94 132
96 131
97 118
98 130
99 118
100 106
101 145
104 141
106 136
107 135
108 118
109 110
109 122
111 151
114 156
116 157
120 137
121 130
123 157
123 145
127 147
130 135
130 136
131 150
137 155
143 151
148 155
149 156
