180 179
1 5
1 22
1 28
2 40
2 170
2 18
3 169
3 131
4 151
6 163
6 149
7 70
8 67
8 107
9 78
10 38
11 126
12 26
12 61
12 69
12 127
13 153
13 27
14 173
15 18
15 89
15 119
15 148
15 50
16 123
16 163
17 134
19 118
20 27
20 160
21 137
22 70
23 108
23 122
23 38
24 59
25 93
25 98
25 132
25 172
26 92
27 33
27 90
27 127
28 133
29 43
30 145
31 54
31 166
31 176
31 39
32 99
33 129
34 123
35 45
35 172
35 177
35 46
36 173
36 171
37 118
38 82
38 50
39 126
41 163
42 71
43 47
43 161
43 162
44 151
46 107
48 64
48 72
48 128
48 60
49 123
50 94
50 126
50 107
51 86
51 95
51 159
51 112
52 56
52 129
53 145
55 94
56 134
57 112
57 82
58 78
59 124
60 63
60 111
62 120
62 107
63 141
65 126
66 102
66 142
66 146
66 83
67 118
67 139
67 149
68 82
70 73
70 84
70 114
71 105
71 175
71 83
72 145
73 167
74 131
75 149
76 139
77 137
78 103
78 95
79 171
79 125
80 145
81 109
81 83
82 100
83 104
83 171
85 141
87 139
88 173
91 117
94 106
94 125
96 149
97 99
97 120
99 168
101 179
104 111
104 164
104 178
107 167
109 117
109 137
109 151
110 179
113 123
114 165
115 156
116 129
117 121
117 130
118 174
124 173
126 136
131 153
133 179
134 152
134 162
135 156
137 155
138 139
140 163
143 173
144 180
147 171
149 150
151 158
154 171
156 157
156 172
159 160
165 180
