120 119
1 11
1 85
2 45
3 61
3 77
3 86
4 67
4 87
5 29
5 32
5 39
5 35
6 55
6 76
7 76
8 73
9 92
10 44
11 30
11 33
11 56
11 94
12 42
12 93
13 110
14 57
14 82
14 47
15 54
15 69
15 88
15 100
16 66
17 79
18 103
18 42
19 44
20 92
21 22
21 33
22 76
23 89
24 33
25 119
26 79
27 116
27 56
28 33
30 64
30 78
30 95
31 97
31 101
31 109
31 37
33 47
34 94
35 66
35 106
35 116
36 100
36 66
37 75
38 42
40 79
41 76
42 70
43 75
43 46
44 71
44 69
45 102
45 114
45 62
46 55
48 73
49 89
50 68
50 73
50 89
50 120
51 68
52 119
53 120
53 103
55 108
55 117
56 62
58 68
59 119
60 104
62 79
62 86
62 104
63 73
65 85
66 98
67 111
68 90
72 103
74 92
74 112
75 81
75 107
76 83
80 106
81 87
84 104
85 96
85 113
91 103
93 94
94 115
96 119
99 104
105 110
105 117
106 112
106 118
