450 449
1 100
2 176
2 236
2 388
2 432
3 71
4 43
5 114
5 181
5 380
5 347
6 368
7 162
8 384
9 107
9 325
10 200
11 335
12 152
12 187
12 296
12 420
13 42
13 171
13 244
13 436
13 48
14 35
15 144
15 222
16 373
17 81
17 242
17 348
17 380
18 28
18 51
18 125
18 58
19 139
20 197
20 271
20 424
20 411
21 100
22 311
22 315
22 387
22 431
23 146
24 449
24 205
25 45
25 56
25 438
25 198
26 35
26 205
26 414
26 100
27 313
29 198
29 260
29 439
29 293
30 140
30 251
30 443
30 439
31 132
31 177
31 367
31 283
32 91
32 201
32 298
32 245
33 261
34 214
34 254
34 445
34 271
35 36
35 94
37 117
38 74
39 165
40 234
41 314
42 68
42 378
42 413
43 72
43 276
43 245
44 146
46 147
47 103
47 259
47 354
47 406
47 366
48 361
49 119
49 124
49 434
49 172
50 370
52 186
53 313
54 79
55 111
57 323
58 150
58 429
58 107
59 174
59 203
59 299
59 95
60 426
60 344
61 239
62 121
62 182
62 286
62 271
63 414
64 87
65 350
66 192
66 207
67 209
67 324
67 325
67 155
69 165
69 302
70 192
71 138
71 262
71 287
72 350
73 86
74 184
74 195
74 407
75 418
76 402
77 346
78 291
79 142
79 372
79 160
80 85
80 126
80 352
80 420
80 185
82 249
83 291
83 302
84 300
86 185
86 444
86 260
87 89
87 441
87 155
88 213
90 288
90 245
92 302
92 164
93 362
94 285
95 273
95 355
95 385
96 414
97 100
98 166
99 418
99 178
100 135
101 287
101 432
102 396
103 104
103 301
103 396
105 147
105 398
106 421
106 406
107 180
107 425
108 349
109 233
110 289
110 261
111 225
111 333
111 260
112 302
113 344
115 368
116 166
117 151
117 223
117 288
118 144
120 144
122 196
122 283
123 249
127 346
128 429
129 415
130 318
131 212
133 318
133 373
133 384
133 204
134 419
135 344
136 190
137 437
137 230
139 226
139 357
139 371
141 227
143 293
143 217
144 400
145 291
146 374
146 196
147 283
147 433
148 247
148 165
149 379
150 399
153 300
154 415
155 341
155 205
156 379
157 350
158 233
159 397
160 229
160 192
161 264
161 310
161 340
161 283
162 238
162 410
162 277
163 166
164 173
164 237
164 277
165 179
166 294
167 397
168 247
169 355
170 360
171 188
171 224
171 255
172 190
172 239
172 244
175 269
175 337
175 394
175 309
178 360
183 419
186 326
186 386
186 399
189 211
190 336
190 375
191 436
192 339
193 341
194 390
196 346
196 390
198 379
198 402
199 341
200 295
200 366
200 389
202 207
202 321
202 416
202 301
204 271
205 277
206 249
208 362
210 217
210 244
211 290
211 351
211 287
212 245
212 306
212 440
213 309
213 343
213 432
213 363
215 289
216 222
218 414
219 230
220 305
220 365
220 435
220 270
221 403
222 422
222 427
222 323
226 234
227 274
227 330
227 260
228 426
229 232
229 338
229 430
230 447
230 399
231 384
233 304
234 267
234 316
235 390
239 243
239 412
240 289
241 323
244 294
244 347
246 360
247 292
247 312
248 318
249 322
249 287
250 258
252 318
253 421
256 335
257 415
258 350
260 360
261 282
261 285
263 448
265 403
266 390
268 418
270 323
270 361
270 449
272 429
273 319
273 353
273 450
275 368
277 300
278 313
279 300
280 426
281 335
284 323
289 364
291 446
294 313
294 362
297 381
297 397
301 393
301 397
302 383
302 401
303 370
304 431
307 396
308 436
314 409
314 322
317 346
320 355
327 402
328 361
329 355
331 349
332 376
334 362
335 432
341 442
342 429
344 356
345 436
349 408
349 420
358 417
358 437
359 370
360 363
361 405
368 431
369 439
370 431
371 424
373 398
373 428
376 381
377 419
379 423
382 448
382 418
384 392
385 420
389 418
391 426
393 431
395 402
399 415
403 407
403 427
404 448
411 443
419 439
440 441
