300 299
1 154
1 268
2 70
3 149
3 198
4 130
4 147
4 209
4 238
4 222
5 193
6 88
6 15
7 145
7 152
7 251
7 263
7 184
8 253
9 174
9 96
10 23
10 259
11 141
12 112
12 294
13 182
13 201
14 278
15 299
16 246
16 56
17 28
17 240
18 161
19 69
19 221
20 241
21 288
22 60
22 122
23 286
24 193
25 242
25 265
25 287
25 90
26 213
26 242
27 113
27 185
27 194
27 218
27 255
27 73
29 199
30 184
30 90
31 96
32 131
33 294
34 277
34 227
35 39
35 44
36 63
36 114
37 99
37 101
37 163
37 216
37 93
38 182
39 61
39 148
39 219
40 160
40 300
41 203
42 211
42 88
43 199
43 193
44 70
45 260
45 225
46 144
47 173
48 70
49 178
50 70
50 253
51 162
51 102
52 290
52 243
53 294
54 127
54 249
55 240
55 231
56 68
57 150
57 183
58 139
58 76
59 114
60 126
60 205
60 208
60 291
62 217
62 70
63 203
64 224
64 292
64 173
65 289
65 82
66 129
66 182
67 217
68 129
70 141
71 118
72 138
73 167
74 273
75 93
75 189
76 187
76 245
76 272
76 194
77 92
78 182
79 111
79 112
80 268
81 211
82 121
82 273
82 128
83 134
83 235
83 262
83 180
84 162
85 102
86 114
86 217
87 102
87 113
88 116
88 188
88 275
89 131
89 120
90 106
90 243
90 271
90 282
91 201
91 291
92 226
92 270
92 140
94 149
95 202
95 156
96 128
96 248
96 194
97 221
97 253
98 189
98 295
99 125
100 255
102 269
103 175
103 296
104 151
104 155
105 141
107 227
107 166
108 267
108 173
109 288
110 153
110 177
110 237
110 247
110 283
110 200
111 155
115 208
117 142
118 136
118 248
119 170
119 213
120 284
121 181
121 220
121 234
122 268
123 142
124 193
129 171
129 214
132 250
132 202
133 143
133 254
133 256
133 238
135 174
137 149
138 295
140 254
141 198
142 158
142 297
142 216
144 276
146 199
148 279
149 222
150 173
153 165
154 167
156 267
157 166
159 194
160 179
161 163
162 169
162 285
164 166
164 241
166 274
168 241
168 257
172 280
172 271
173 193
173 229
175 186
176 295
177 183
178 228
178 252
178 258
178 194
179 284
180 199
182 195
186 257
188 249
190 295
190 212
191 259
191 244
192 196
192 210
193 244
194 210
196 299
197 298
197 256
200 293
204 215
204 286
205 282
206 250
207 288
209 232
212 217
215 296
218 253
223 286
225 295
229 261
230 236
231 290
232 293
233 272
235 236
237 288
239 286
241 281
253 266
263 294
264 294
268 300
276 283
278 298
