200 199
1 19
1 93
1 159
1 168
1 188
2 134
2 88
3 30
4 72
4 165
5 87
5 112
6 100
7 180
7 52
8 92
8 27
9 197
10 195
10 100
11 54
12 50
13 184
14 160
15 26
15 84
15 85
15 129
15 158
15 172
15 25
16 51
16 76
17 32
17 167
18 112
19 166
20 131
20 33
21 108
22 74
22 63
23 75
24 82
25 29
25 78
25 95
25 187
25 138
27 190
28 60
29 53
29 106
29 133
29 198
30 104
31 144
32 113
32 125
32 162
33 91
33 149
33 49
34 77
35 126
35 172
36 174
36 50
37 136
38 54
39 111
39 58
40 64
41 143
41 99
42 59
42 138
43 197
44 61
44 150
44 185
44 103
45 89
45 87
46 81
46 157
47 77
48 125
49 108
50 105
50 97
52 64
53 196
54 96
54 126
55 104
55 119
56 82
56 198
57 112
58 176
58 189
58 174
59 130
60 116
60 199
60 169
62 110
63 102
64 194
64 177
65 171
65 143
66 85
67 144
68 99
69 136
69 154
70 144
71 79
73 193
75 186
76 88
77 191
77 151
78 193
79 187
80 95
81 152
82 122
82 164
82 186
83 138
83 127
85 98
85 123
85 169
86 109
88 90
88 175
88 152
89 109
90 112
92 173
94 115
94 120
94 161
94 191
95 146
96 124
97 184
98 182
99 137
99 177
99 179
99 100
100 156
101 184
102 178
103 193
106 108
107 166
108 153
109 200
110 159
114 183
114 170
116 170
117 166
118 121
118 163
119 158
121 132
121 142
124 135
127 166
128 145
128 197
129 147
131 181
134 154
138 139
138 192
140 148
141 193
144 180
147 197
148 182
150 167
151 180
155 180
156 166
157 193
160 180
163 183
165 173
166 178
184 195
190 197
