200 199
1 5
2 188
3 113
4 15
5 69
5 125
5 194
6 57
6 137
7 34
7 48
7 144
7 108
8 24
8 111
8 138
8 184
9 120
10 53
11 53
11 180
11 59
12 162
13 33
13 186
14 140
15 84
15 108
15 17
16 135
16 130
17 51
18 68
19 99
19 156
20 31
20 149
20 152
20 119
21 38
21 107
22 23
23 39
23 81
23 25
25 131
26 195
26 59
27 192
27 88
28 152
29 31
30 120
31 61
31 101
32 126
32 196
33 113
34 63
35 41
35 87
35 118
35 187
35 149
36 113
37 52
38 199
40 140
41 42
41 86
41 93
43 106
44 46
45 119
46 60
47 79
47 150
49 127
49 59
50 112
50 181
50 145
51 94
52 183
52 190
52 128
53 80
53 117
53 168
54 107
55 156
56 70
56 107
57 174
58 76
58 187
59 172
59 141
60 119
61 141
62 119
62 199
63 173
64 83
64 88
64 182
64 197
65 120
66 107
67 122
67 142
67 179
67 138
68 92
70 97
71 94
72 131
73 178
73 118
74 116
74 132
74 137
74 125
75 196
75 113
76 92
77 152
78 164
78 134
82 156
85 147
85 107
87 143
89 140
90 106
91 188
94 95
94 129
94 169
96 151
97 106
98 151
100 134
100 125
102 114
102 121
102 166
102 175
103 186
103 119
104 188
104 135
105 187
107 163
107 175
107 125
109 145
109 197
110 187
113 176
114 140
115 147
119 189
120 138
121 150
123 155
123 160
124 186
125 160
126 131
128 151
129 151
130 143
131 185
133 135
135 153
135 157
136 147
138 162
139 196
146 154
146 173
147 197
148 151
152 171
156 200
158 192
159 170
159 197
161 180
163 200
164 169
165 196
167 180
174 193
177 186
180 198
184 191
188 191
