400 399
1 374
2 314
3 39
3 46
3 170
3 312
4 181
5 6
6 84
6 399
6 152
7 170
8 140
8 115
9 240
10 49
10 210
10 351
10 381
10 397
11 262
12 56
12 182
13 348
14 222
15 31
15 94
15 202
15 73
16 108
16 137
16 306
16 274
17 163
18 151
19 130
19 93
20 156
20 56
21 234
22 287
23 238
24 115
25 262
26 356
27 156
28 160
29 57
29 174
29 300
29 40
30 167
30 173
30 310
30 198
32 73
33 195
33 199
33 258
33 268
34 228
35 41
35 89
35 293
35 373
36 172
37 55
37 105
37 157
37 388
38 213
38 216
38 339
38 361
39 361
40 304
41 58
41 178
41 286
42 229
43 89
44 212
45 62
45 204
45 325
45 77
46 179
46 251
46 344
47 89
48 312
50 173
51 167
52 181
53 160
53 156
54 341
59 79
59 356
60 262
60 294
60 348
60 83
61 341
63 380
64 145
65 287
66 314
66 228
67 115
67 166
67 229
67 307
68 70
68 72
68 223
68 235
68 279
69 134
71 324
71 341
71 373
71 215
72 378
73 121
73 169
73 265
74 139
74 256
74 296
74 209
75 291
76 337
77 190
77 297
77 185
78 318
78 366
78 371
78 203
79 82
79 317
79 340
80 221
80 376
80 400
80 279
81 294
83 265
83 268
83 350
85 307
85 186
86 155
86 222
86 333
86 311
87 289
87 95
88 348
89 159
90 190
91 291
91 230
92 356
93 264
93 274
93 347
93 345
95 260
96 275
97 196
97 282
97 326
97 284
98 142
98 239
98 295
98 361
99 131
100 162
100 257
100 330
100 196
101 293
102 127
102 129
102 147
102 353
103 116
104 149
106 279
106 196
107 240
107 311
107 395
107 227
109 374
110 165
110 248
110 342
110 164
111 260
112 331
113 227
114 314
115 138
115 308
116 133
116 270
116 289
117 331
118 145
119 283
120 163
122 393
123 222
124 163
125 355
126 314
128 260
130 233
130 281
130 388
131 241
131 394
131 265
132 181
134 232
134 288
134 274
135 155
136 337
140 211
140 220
141 198
141 327
141 355
141 291
143 191
144 215
144 167
145 284
145 285
145 289
146 228
146 215
148 209
148 395
149 231
149 255
149 164
150 168
150 348
151 244
151 328
151 365
151 279
152 172
152 197
152 311
153 234
154 155
155 206
156 224
158 160
160 396
161 190
163 334
164 275
166 217
166 349
166 369
167 236
168 185
169 338
170 207
170 278
171 324
172 359
172 370
173 189
173 237
175 355
176 294
177 228
180 379
181 196
182 218
182 253
182 188
183 293
184 283
185 272
185 363
186 271
187 355
188 381
190 322
191 320
191 354
191 203
192 395
193 242
193 302
193 398
193 334
194 385
197 249
197 277
197 305
200 266
200 234
201 393
203 393
203 297
205 292
205 316
205 367
205 209
208 229
209 212
209 352
212 301
212 357
214 293
215 329
215 391
215 392
219 227
220 309
222 343
225 333
226 327
227 266
229 383
230 374
234 351
238 364
238 384
238 388
240 377
240 390
243 327
245 304
246 395
247 310
250 327
252 381
254 331
259 380
260 375
261 304
263 291
265 379
267 323
267 333
268 337
268 380
269 303
269 368
271 373
273 379
275 362
275 323
276 393
280 324
283 319
283 361
287 360
289 360
289 385
290 381
294 382
298 304
299 378
304 331
310 321
310 332
312 335
312 338
313 324
314 397
315 341
331 334
333 389
334 373
336 337
345 395
346 368
346 357
350 352
353 374
356 365
358 385
372 385
375 380
379 386
381 387
