400 399
1 67
1 153
1 263
1 323
2 397
3 349
4 312
4 213
5 12
5 236
5 325
5 42
6 18
6 70
6 117
6 391
7 51
8 349
9 368
9 322
10 106
11 17
11 275
11 287
11 46
12 23
13 350
13 273
14 362
15 110
15 187
15 248
15 200
16 22
16 355
19 154
20 386
21 284
21 393
22 60
23 252
24 106
25 217
25 113
26 37
26 338
26 378
26 367
27 171
27 157
28 65
28 254
28 308
28 233
29 134
29 281
29 297
29 104
30 184
30 267
30 365
30 75
31 79
32 73
32 174
32 394
32 137
33 222
33 353
33 359
33 389
34 138
34 294
34 355
34 312
35 85
36 370
38 183
39 270
39 322
40 113
40 179
41 290
41 357
41 379
41 160
42 169
43 68
44 159
44 189
44 240
44 278
45 65
46 388
47 59
48 144
49 295
50 388
51 132
51 361
51 143
52 86
52 322
53 367
53 327
54 139
54 360
54 100
55 72
55 167
55 315
55 311
56 198
57 286
58 172
58 225
59 191
59 205
59 400
60 136
60 143
60 198
60 400
61 308
62 265
63 208
63 310
64 309
65 97
65 212
65 393
66 268
66 201
67 186
68 165
68 229
68 171
69 220
69 332
71 313
74 213
75 135
76 354
77 116
78 150
79 128
79 330
79 393
80 262
81 158
81 307
81 387
81 352
82 310
83 308
84 216
85 111
85 347
85 185
86 96
87 102
87 111
88 272
88 366
88 396
88 137
89 327
89 348
90 388
91 169
91 239
92 115
92 221
92 142
93 260
93 277
93 320
93 171
94 269
95 389
95 209
97 98
98 266
99 245
99 255
99 283
99 278
100 116
101 390
102 149
102 291
103 208
104 256
105 381
106 364
106 393
107 368
108 335
109 295
109 198
112 164
112 305
113 150
113 176
113 227
113 382
114 201
114 352
116 190
116 259
116 400
118 214
119 379
120 144
121 223
121 303
121 321
121 322
121 143
122 241
122 351
122 376
122 136
123 368
124 198
125 129
126 276
127 327
129 224
129 304
129 148
130 232
130 174
131 145
131 269
131 313
131 390
133 215
133 188
135 214
135 370
135 232
136 335
136 386
137 309
137 358
137 274
140 332
141 254
142 326
143 166
143 362
144 352
144 343
145 271
146 370
147 386
148 309
150 173
150 199
151 179
151 207
151 238
151 400
152 309
153 161
154 157
154 180
154 217
155 370
156 335
157 209
157 262
160 327
161 371
162 283
163 254
164 310
168 193
169 182
169 218
170 265
171 216
172 391
175 193
175 346
177 230
178 233
181 233
181 246
183 285
183 392
183 334
184 188
185 265
186 211
186 250
186 336
192 343
192 213
193 348
194 195
194 341
196 302
197 313
198 369
200 251
200 286
200 381
200 295
202 292
203 333
203 289
204 252
206 354
206 387
208 293
208 306
209 288
209 356
210 341
210 243
213 311
214 258
214 282
215 278
216 337
216 384
219 332
220 300
225 230
225 292
225 383
225 397
226 368
227 256
228 292
231 305
232 249
232 326
233 244
233 346
234 265
235 262
237 305
239 247
242 399
243 256
246 383
247 342
247 344
247 382
251 273
252 261
253 371
254 398
256 301
256 319
257 371
262 317
264 286
265 266
269 314
269 373
270 397
274 311
276 298
278 305
279 322
280 332
284 390
285 332
286 340
289 400
292 324
293 363
295 345
295 385
296 397
298 310
299 335
302 329
302 377
302 378
308 339
310 395
311 371
313 331
316 386
318 349
322 380
328 399
334 400
349 352
350 374
358 388
359 399
372 390
375 399
