180 179
1 90
1 153
2 88
3 96
4 72
4 99
4 137
4 140
4 66
5 132
5 124
6 34
7 39
7 72
8 40
8 15
9 123
9 48
10 161
11 49
12 33
13 167
13 32
14 103
14 102
15 44
15 87
15 147
15 180
15 115
16 73
17 34
18 112
18 111
19 114
19 174
20 166
21 26
22 40
23 107
23 127
23 144
23 94
24 164
24 27
25 170
26 55
26 124
26 159
27 88
28 174
28 153
29 138
30 159
30 49
31 110
32 136
33 56
33 57
33 95
34 95
34 51
35 138
36 43
36 169
37 63
37 71
38 126
38 107
40 82
40 158
41 179
42 46
42 86
42 172
42 141
44 176
45 153
46 168
47 92
47 68
48 57
49 134
49 146
49 141
50 85
50 64
51 141
52 109
52 164
53 89
53 109
54 90
55 88
58 114
59 136
60 166
61 153
62 151
63 67
64 160
65 161
65 87
66 103
68 176
69 138
69 156
70 178
71 138
73 93
73 121
73 179
73 168
74 111
74 125
74 155
74 178
74 82
75 110
75 153
76 97
76 100
77 166
77 172
78 163
78 104
79 114
80 148
81 154
81 141
83 110
84 161
88 175
89 122
91 129
92 129
94 161
96 105
96 149
96 106
98 176
100 161
101 156
101 176
102 132
104 157
106 179
108 176
110 115
110 131
113 120
114 143
116 173
116 152
117 133
118 136
119 141
119 173
120 145
120 160
120 165
120 141
121 151
123 130
126 177
128 166
129 139
130 157
133 150
133 180
135 154
136 143
138 142
141 170
148 179
152 161
153 162
167 171
169 179
