160 159
1 143
1 149
2 5
2 29
2 101
2 155
2 73
3 52
3 54
3 116
3 131
4 36
4 83
5 103
6 142
7 146
7 151
8 146
9 44
9 89
9 114
9 122
10 23
10 78
11 124
11 56
12 42
12 48
13 78
13 80
14 147
15 136
15 31
16 69
16 85
17 109
17 129
18 91
18 26
19 60
19 153
19 154
19 157
19 158
19 53
20 31
20 65
21 87
21 98
22 50
23 50
24 152
24 98
25 59
25 64
26 110
27 85
27 146
28 146
29 77
30 123
30 51
31 82
31 97
31 141
32 41
33 49
34 129
34 38
35 39
36 93
37 148
37 150
37 156
37 73
38 160
39 68
40 64
41 76
42 96
43 144
45 128
45 107
46 95
46 149
47 98
48 73
49 74
51 132
53 71
55 64
56 143
57 159
57 135
58 94
58 100
59 105
60 130
61 100
61 102
62 105
63 155
64 131
64 145
65 130
66 118
67 72
67 134
68 120
70 93
71 149
73 98
73 145
73 153
74 128
75 80
75 130
76 133
77 79
81 88
83 90
83 92
83 123
84 142
86 104
87 99
88 121
88 133
88 138
88 137
90 151
95 160
96 115
97 125
98 106
101 132
102 125
103 108
104 158
107 126
109 137
110 151
111 130
112 151
113 116
117 120
117 149
118 140
119 142
122 149
125 139
125 147
126 136
127 146
130 134
135 156
140 150
142 157
144 152
