500 499
1 42
1 80
1 329
1 411
2 213
3 498
4 179
4 63
5 211
6 183
6 271
6 417
6 444
7 126
8 53
8 498
9 159
9 173
9 396
9 477
9 377
10 389
11 290
12 19
13 341
14 47
14 199
14 452
14 454
15 115
16 200
16 227
16 464
16 168
17 263
17 385
17 78
18 231
18 350
18 497
18 403
19 247
19 413
19 287
20 308
20 271
21 98
22 206
22 374
22 470
22 308
23 189
24 261
25 253
25 177
26 379
27 469
28 60
29 449
30 109
30 144
30 487
30 258
31 255
32 381
33 139
33 217
33 474
33 284
34 78
34 51
35 113
35 312
35 418
35 343
36 101
36 126
36 162
36 469
37 322
38 355
39 60
40 479
41 334
43 353
44 124
44 198
44 442
45 252
46 76
46 148
46 380
46 233
48 479
49 99
49 268
49 313
49 151
50 384
51 87
51 118
51 153
52 366
53 55
53 154
53 486
54 265
54 400
54 449
54 291
56 88
57 235
57 315
57 387
58 447
59 101
60 482
60 153
61 170
61 338
62 83
62 379
63 115
64 290
65 429
66 384
66 155
67 83
68 471
69 164
69 387
69 430
69 463
69 147
70 213
71 178
72 383
73 253
74 307
75 414
75 177
77 187
77 164
79 294
79 417
81 244
81 88
82 405
83 104
84 475
85 417
86 266
88 155
88 456
88 335
89 93
90 476
90 244
91 145
91 406
91 311
92 144
93 96
93 468
93 262
94 221
95 107
95 195
95 378
95 192
97 271
98 348
98 495
98 284
100 115
101 140
101 472
102 408
103 261
105 353
106 178
106 390
108 179
109 182
109 197
109 230
109 462
110 180
110 164
111 498
112 277
114 417
115 164
116 357
117 124
119 248
120 405
121 255
122 127
122 402
122 425
122 168
123 475
124 331
124 455
125 408
126 146
126 392
128 334
129 496
130 177
131 144
132 440
133 355
134 239
135 322
136 442
137 193
137 261
138 234
141 267
142 444
142 305
143 188
144 407
147 471
149 442
150 499
151 379
152 336
153 189
153 275
156 211
157 273
158 338
160 211
161 465
161 294
162 284
163 250
163 270
163 483
163 279
164 345
165 476
166 335
166 233
167 248
168 388
168 432
169 383
170 442
171 400
172 439
174 499
175 322
176 188
177 242
178 343
178 359
179 202
179 210
180 221
180 266
180 451
181 307
183 421
184 187
185 465
186 373
187 191
187 409
188 293
188 445
189 356
189 473
190 327
191 219
191 327
191 341
192 351
192 475
192 275
193 332
194 256
196 281
196 420
197 440
198 376
198 416
198 453
199 203
201 469
203 213
204 220
204 349
204 362
204 374
205 410
207 260
208 383
208 213
209 255
211 218
212 476
214 351
215 355
216 277
216 322
216 334
216 369
218 267
218 429
218 289
219 454
221 278
221 303
222 447
223 400
224 277
225 451
226 260
228 492
228 368
229 234
231 311
232 332
233 336
233 410
234 397
234 483
236 372
236 422
236 437
236 241
237 496
237 294
238 498
239 305
239 314
239 411
240 347
241 440
242 432
243 272
243 333
243 494
243 377
244 436
244 448
245 357
246 383
248 461
248 279
249 258
250 251
251 459
252 257
252 301
252 466
253 299
253 423
254 433
255 454
256 393
256 480
256 292
257 342
258 346
258 368
258 395
259 339
259 476
260 445
260 342
261 443
262 366
262 498
262 479
264 366
265 361
265 386
265 478
266 285
266 391
267 283
267 306
269 384
270 469
271 431
273 276
273 401
273 403
274 327
275 292
275 459
277 394
279 408
279 332
280 428
281 295
282 428
284 355
286 381
287 289
287 353
287 496
288 496
290 398
290 486
291 403
292 471
292 499
294 318
294 330
296 379
297 345
298 439
300 447
302 404
304 432
304 460
307 358
307 335
309 334
310 410
310 426
316 433
317 492
319 351
320 389
321 388
323 440
324 357
325 389
325 439
325 492
326 404
327 340
328 465
332 415
335 405
336 367
336 450
337 451
338 457
338 466
339 347
341 458
341 489
344 444
345 390
345 493
347 365
347 403
351 352
353 488
354 471
357 443
360 389
363 471
364 410
366 438
369 466
370 449
371 433
373 491
373 500
373 466
374 404
375 465
377 428
377 432
379 483
381 477
382 429
388 395
388 434
399 405
400 446
404 435
408 424
412 428
417 420
419 479
421 460
426 444
427 499
429 467
433 454
439 490
441 475
443 479
443 487
447 483
449 484
451 485
466 479
481 492
