450 449
1 433
2 184
3 135
3 319
3 387
3 379
4 150
4 286
4 341
4 324
5 172
6 98
7 421
8 172
9 213
10 332
11 448
12 26
12 259
13 92
14 165
14 267
14 427
14 26
15 77
15 411
16 131
17 49
17 188
17 250
17 297
17 203
18 69
18 164
18 337
18 56
19 78
19 353
20 201
20 405
21 76
22 392
22 184
23 72
23 76
23 283
23 385
23 167
24 220
24 336
24 406
24 163
25 57
26 126
26 152
26 334
27 47
27 192
28 425
29 78
30 42
30 153
30 280
30 434
30 214
31 84
32 104
32 196
32 233
32 60
33 232
34 340
34 43
35 215
35 264
35 352
35 444
35 284
36 106
37 193
37 198
37 221
37 431
38 260
38 247
39 324
39 334
40 83
40 147
40 44
41 345
43 137
43 241
43 108
44 109
45 65
45 370
45 374
45 177
46 266
46 302
46 376
46 420
46 50
47 331
48 265
48 125
49 253
50 287
51 117
51 183
51 321
51 142
52 299
52 307
53 55
54 143
55 263
55 407
55 324
56 392
57 442
57 246
58 154
59 161
60 67
60 313
60 408
60 432
61 143
62 121
62 231
62 308
62 355
63 448
63 160
64 385
66 310
66 284
67 105
67 140
67 309
67 332
67 423
68 346
70 322
70 88
71 124
72 73
72 155
72 166
74 151
75 180
76 89
76 168
76 357
77 86
77 401
77 445
78 107
78 396
79 425
79 424
80 249
80 372
80 357
81 106
82 144
82 348
82 355
82 365
82 313
84 447
85 88
87 414
88 218
88 328
90 102
90 210
90 269
90 274
91 316
92 119
92 417
92 324
93 194
93 307
94 320
95 206
96 429
96 297
97 278
98 228
98 420
99 174
99 195
99 375
99 403
99 121
100 275
101 167
101 319
102 148
102 229
102 279
103 179
103 248
103 329
105 314
106 428
106 280
108 184
109 348
110 223
110 356
110 404
110 408
111 197
111 424
112 244
113 386
114 152
115 383
115 299
116 124
116 388
118 199
118 293
118 391
118 437
118 368
120 334
122 318
123 219
123 279
124 335
125 191
126 409
127 247
128 386
129 222
129 242
129 261
129 322
130 299
131 163
131 204
131 398
131 311
132 194
133 385
134 310
136 307
138 287
139 287
141 247
142 213
142 320
142 340
143 285
143 187
144 208
144 257
144 446
145 411
146 244
148 171
148 173
148 225
149 383
151 276
151 426
151 242
152 182
152 294
154 226
154 291
154 259
156 345
157 300
158 194
159 161
160 206
161 239
161 311
162 200
162 310
163 216
163 328
163 419
169 181
169 214
169 234
169 211
170 342
170 383
172 351
172 384
174 185
174 333
174 338
174 399
175 365
176 438
177 180
178 430
180 363
180 418
184 235
185 379
186 299
187 346
189 253
190 342
191 219
192 353
193 323
197 301
198 272
200 245
200 288
200 443
201 316
202 213
203 269
205 252
205 273
205 405
205 305
206 281
206 315
207 310
209 419
211 247
211 373
211 416
211 432
211 301
212 432
213 270
215 327
216 315
217 350
224 325
224 326
224 293
227 394
229 271
229 347
229 390
230 358
232 258
232 292
232 319
235 424
236 384
236 311
237 244
238 320
240 358
243 365
244 262
244 311
246 333
251 342
253 354
253 380
254 358
255 328
256 433
259 386
259 433
260 350
265 339
268 314
272 275
274 440
277 419
278 306
278 377
278 315
282 428
283 353
284 300
284 411
284 424
286 414
287 423
289 316
290 314
295 409
296 346
298 434
300 364
300 395
303 411
304 432
305 417
307 344
307 323
311 424
312 320
314 441
315 345
316 397
317 448
318 359
318 449
318 356
319 438
324 424
327 366
328 343
328 360
329 386
330 419
334 440
337 358
342 430
345 388
346 378
349 414
353 439
361 421
362 394
365 371
367 383
368 421
369 386
373 393
373 422
373 436
378 410
381 438
382 433
383 413
385 415
389 414
394 450
394 421
400 447
400 438
402 432
409 435
410 425
412 425
414 431
418 436
421 441
