300 299
1 172
1 182
2 196
3 250
4 43
4 149
5 260
5 112
6 117
7 225
8 196
9 128
9 192
9 208
9 265
9 278
9 103
10 299
11 227
12 286
12 215
13 165
14 190
15 117
16 231
17 281
17 188
18 113
18 249
19 154
20 175
21 217
22 232
22 197
23 288
23 270
24 139
24 157
25 290
26 168
26 202
27 107
27 117
28 45
28 96
28 224
28 193
29 33
29 245
30 41
31 300
32 222
32 154
33 272
34 159
35 112
35 173
36 296
37 60
38 56
38 110
38 137
38 48
39 146
39 171
40 193
41 85
41 257
41 178
42 173
44 174
44 131
46 58
46 71
47 93
47 121
48 172
49 147
50 88
51 84
51 90
52 112
53 142
53 184
53 215
53 209
54 204
54 132
55 135
55 281
57 202
59 106
59 223
59 233
59 192
60 277
61 218
62 212
62 288
63 284
63 95
64 72
64 171
65 75
66 129
67 158
67 228
68 218
68 129
69 164
70 126
71 86
71 181
71 217
71 242
71 99
72 238
73 219
74 292
74 196
75 97
75 205
75 277
76 105
77 274
77 167
78 228
79 294
79 281
80 156
80 119
81 227
81 202
82 147
83 249
84 183
85 129
86 237
87 267
87 172
88 192
89 232
90 226
90 291
90 276
91 118
91 253
91 264
91 273
92 260
94 172
95 231
96 199
97 191
98 193
99 150
99 166
99 295
99 241
100 267
101 300
101 163
102 292
103 132
103 143
103 298
103 293
104 222
105 152
105 216
105 236
105 276
105 185
106 196
107 261
108 270
108 292
109 148
111 228
112 169
112 235
113 282
114 288
115 229
115 259
115 120
116 117
117 231
119 256
120 242
121 139
122 177
123 202
124 260
125 140
125 299
126 180
126 191
127 173
129 160
129 209
129 297
130 167
130 234
131 153
133 262
134 299
135 165
136 231
138 202
138 193
140 153
140 189
140 203
141 248
144 275
145 173
146 283
147 245
147 277
148 201
148 241
148 290
148 152
149 192
150 170
151 190
151 169
154 240
154 243
155 157
156 248
157 289
157 274
158 243
159 197
159 255
159 258
159 206
160 249
161 252
161 177
162 254
163 192
164 270
168 277
170 296
171 207
171 276
172 176
173 230
174 254
175 182
177 239
177 256
177 255
178 199
179 288
185 196
186 270
187 293
187 261
188 260
192 200
193 211
193 231
193 267
194 202
195 267
198 248
200 234
206 231
210 276
213 281
214 286
219 292
220 292
221 248
222 269
222 280
225 263
228 289
230 296
237 299
244 284
246 270
247 263
247 288
249 268
249 271
250 282
251 296
262 276
266 276
273 276
275 279
279 281
281 285
287 300
