200 199
1 10
1 61
2 133
3 16
3 27
4 167
5 80
5 94
6 103
6 124
6 145
6 177
6 72
7 194
7 161
8 109
9 160
10 42
11 86
12 103
13 91
13 53
14 20
15 154
16 60
17 128
17 171
18 57
18 196
19 147
19 165
20 158
21 174
22 58
22 162
23 55
23 69
24 71
25 111
25 140
26 69
27 183
28 55
29 86
30 114
30 67
31 181
31 59
32 91
33 162
33 179
34 89
34 92
35 98
35 184
36 94
37 91
38 52
38 75
38 107
38 74
39 154
40 140
40 158
41 105
42 167
43 81
43 193
44 161
44 77
45 102
46 88
47 119
47 55
48 166
48 154
49 148
49 180
50 131
50 164
51 65
51 96
51 132
51 181
53 93
53 143
53 149
53 119
54 86
55 116
56 167
57 95
57 137
57 138
58 68
59 195
60 78
61 97
61 136
61 191
62 162
63 188
64 91
66 67
66 101
66 126
66 97
68 142
69 71
69 115
69 144
69 72
70 174
72 94
72 100
72 185
72 167
73 190
73 132
74 89
76 146
76 114
77 93
79 118
79 197
82 120
82 105
83 172
83 118
84 158
84 86
85 89
86 104
86 192
87 179
88 155
89 110
89 168
90 133
90 94
92 109
94 159
95 102
98 141
99 173
99 150
100 150
102 157
102 176
103 127
103 129
104 188
105 163
105 172
106 125
106 194
107 184
108 179
109 152
109 150
110 154
112 160
113 185
117 162
120 156
121 171
122 192
122 169
123 135
127 160
128 134
128 170
128 193
130 174
131 199
135 189
135 195
135 150
139 179
139 185
141 165
142 171
144 180
151 173
152 186
153 185
155 198
158 164
158 200
160 183
169 174
171 187
174 197
174 175
175 179
178 198
178 190
182 186
196 199
