350 349
1 37
1 81
1 342
2 177
2 24
3 198
4 162
5 146
6 42
6 134
6 328
6 292
7 211
7 246
7 279
7 188
8 315
9 338
10 27
10 106
10 195
10 237
11 238
11 178
12 226
13 126
14 138
15 78
16 218
17 326
18 24
19 92
20 45
20 61
20 68
20 298
21 56
21 62
21 79
21 234
21 250
21 324
22 170
23 239
24 152
24 287
24 115
25 255
25 287
26 251
26 34
28 51
29 180
30 175
31 293
31 246
32 178
33 97
33 39
34 107
35 168
35 204
36 348
36 336
37 63
37 93
37 94
38 249
39 60
39 89
39 113
39 174
39 184
40 49
41 105
41 54
43 125
43 271
43 347
43 144
44 78
46 166
46 167
46 267
46 277
47 320
48 57
49 79
50 156
50 233
50 130
51 182
51 210
51 66
52 348
53 179
53 337
54 102
55 160
55 178
55 300
55 330
55 296
57 141
57 225
57 294
57 262
58 108
58 326
59 115
59 256
61 257
63 101
63 189
63 318
64 292
64 300
65 326
66 104
66 302
66 350
66 321
67 72
67 207
67 208
67 184
69 74
69 132
69 331
69 108
70 75
70 344
71 87
73 270
73 274
73 324
73 82
76 291
77 310
77 253
78 119
80 133
82 224
83 319
84 102
84 191
84 200
84 313
85 177
86 266
87 339
87 179
88 307
90 317
91 293
92 98
92 203
92 305
92 302
93 172
93 216
93 299
94 227
95 193
96 261
96 138
97 243
98 130
99 313
100 244
100 229
102 128
102 301
103 336
103 192
104 139
104 223
104 306
105 151
105 230
105 325
107 346
109 315
110 149
110 159
111 253
112 290
114 249
116 244
117 193
118 140
118 170
118 201
118 287
119 265
120 168
121 240
122 160
123 252
123 218
124 187
124 231
124 309
124 151
126 219
126 329
126 250
127 251
128 220
129 240
131 253
131 256
131 291
131 173
132 175
133 275
133 298
133 327
135 235
136 194
136 314
136 340
136 287
137 289
137 316
138 312
138 304
141 247
142 242
142 255
143 212
144 290
145 266
146 280
146 295
146 215
147 336
148 198
148 291
149 319
150 313
152 215
153 181
153 197
153 288
153 237
154 349
154 257
155 226
155 296
157 227
158 296
159 281
160 222
160 258
161 315
162 249
163 290
164 203
165 180
168 202
168 304
169 244
171 247
172 237
173 277
175 260
175 273
176 296
177 259
177 343
178 264
180 310
183 239
184 266
184 200
185 247
186 191
188 317
190 240
191 263
191 303
192 206
192 224
192 248
192 205
193 236
193 205
196 212
199 265
199 281
203 254
203 322
204 218
204 249
204 337
204 344
204 278
205 315
205 212
209 350
212 343
213 317
214 337
216 286
217 256
218 285
220 232
221 281
228 278
228 320
229 293
232 262
235 296
237 320
237 321
238 307
239 245
239 277
240 242
241 348
242 338
247 284
252 313
253 276
256 332
266 333
268 350
269 336
272 328
276 327
277 293
280 346
281 305
282 337
283 307
285 296
286 290
288 316
291 311
296 308
297 338
307 323
317 330
320 334
323 326
335 350
338 341
345 348
