500 499
1 340
2 299
2 187
3 18
4 317
5 383
6 67
6 486
6 488
6 300
7 152
7 119
8 206
8 232
8 320
8 419
8 81
9 215
9 200
10 25
11 348
12 219
12 337
13 257
14 285
15 443
16 436
16 452
16 491
16 271
17 410
17 18
18 204
18 288
18 145
19 383
19 59
20 142
21 435
22 453
23 142
24 483
24 66
25 319
25 397
25 298
26 65
26 172
26 352
26 369
27 76
28 132
28 248
29 460
30 101
31 35
31 78
31 94
31 229
31 463
31 363
32 131
33 38
34 97
35 197
35 362
35 396
36 134
37 240
38 84
38 286
38 364
38 346
39 235
39 439
39 469
39 201
40 84
41 98
41 93
42 253
43 158
44 212
44 263
45 132
46 100
46 321
46 336
46 182
47 139
47 344
47 350
47 346
48 118
48 191
49 62
49 116
50 262
50 410
51 463
52 301
53 360
53 410
54 70
54 149
54 354
54 425
54 116
55 91
56 414
56 356
57 383
58 90
59 271
59 282
59 470
59 382
60 190
61 325
61 365
61 367
61 298
62 80
63 251
63 105
64 416
64 225
66 442
66 485
66 109
67 245
68 194
69 194
70 127
70 160
70 322
71 91
72 76
72 345
73 198
73 207
73 368
73 471
73 320
74 333
74 98
75 487
75 236
77 247
77 434
78 141
78 181
78 431
79 358
80 274
80 287
81 133
82 87
83 393
84 104
84 154
84 236
85 107
85 391
85 451
85 422
86 158
87 121
87 168
88 240
89 268
90 138
90 343
90 443
91 307
91 422
91 373
92 134
93 266
93 308
93 392
93 119
94 482
95 165
96 153
97 123
97 254
97 324
97 398
97 137
99 395
99 255
101 438
101 477
101 117
102 428
103 252
103 297
104 475
105 253
105 257
105 229
106 460
108 167
109 163
110 445
111 149
112 191
113 410
114 421
115 223
115 311
115 479
115 209
116 120
116 143
116 183
116 295
116 377
117 348
117 132
118 241
119 337
119 390
119 193
120 151
122 211
124 128
124 226
124 389
124 420
125 132
126 475
129 494
130 421
131 373
133 147
133 284
133 144
134 305
134 448
135 405
136 208
137 411
140 348
142 171
142 218
142 377
144 393
145 268
146 404
146 413
146 466
146 342
148 196
148 251
149 184
149 366
150 158
152 272
153 189
153 462
153 384
155 241
156 303
156 230
157 395
158 199
158 350
159 410
160 259
161 358
162 433
163 331
163 372
163 474
163 340
164 262
165 326
165 447
165 406
166 453
166 469
167 359
167 377
167 430
167 483
168 238
169 205
169 377
170 412
170 199
173 224
173 244
173 273
173 401
173 495
174 203
174 238
174 263
174 281
175 339
175 269
176 497
176 201
177 351
177 405
178 445
179 267
179 370
179 440
179 346
180 473
180 348
182 355
185 381
186 308
187 315
188 435
189 298
190 310
190 409
190 407
191 314
191 382
191 448
192 219
193 317
194 312
194 384
194 459
194 285
195 211
197 342
200 437
201 211
201 456
201 331
202 297
205 256
208 220
208 427
208 245
209 443
210 221
210 354
211 467
212 237
213 299
214 428
216 381
217 360
218 393
219 420
219 478
220 454
222 318
222 433
222 493
222 371
223 495
224 315
225 374
227 456
228 453
230 465
231 445
231 495
233 495
234 381
239 500
240 290
240 371
240 377
241 276
241 424
242 296
243 494
246 262
248 481
249 425
250 348
251 275
251 415
252 268
253 417
253 441
255 460
256 418
257 357
258 260
258 361
258 489
258 349
259 265
261 393
262 300
264 380
265 283
265 291
265 346
268 316
269 383
270 500
272 292
272 403
272 455
273 458
277 435
278 340
279 495
280 421
280 347
281 358
281 497
285 378
285 437
285 455
289 425
293 411
294 303
295 379
296 476
297 429
297 432
298 394
298 460
301 306
301 349
301 419
302 475
303 385
303 480
304 379
309 376
309 465
313 355
315 338
315 484
317 423
317 413
323 463
324 373
327 410
328 428
329 476
330 465
332 443
332 412
333 465
334 456
335 427
339 387
339 464
341 360
345 405
346 363
347 422
351 406
351 490
351 499
353 468
355 496
355 376
356 500
358 402
368 428
369 453
374 425
375 418
379 492
380 400
380 482
381 432
381 401
386 463
388 421
394 448
398 435
399 414
405 450
405 480
407 465
408 428
411 436
422 476
424 494
425 434
426 494
430 468
443 461
443 500
444 461
445 472
446 460
449 454
457 475
461 498
481 500
