140 139
1 41
2 92
3 49
3 111
3 122
4 119
4 79
5 105
5 12
6 62
7 23
8 38
8 74
8 88
8 98
9 46
9 138
10 70
11 17
12 80
13 80
14 71
14 28
15 29
15 62
16 114
17 23
17 86
17 133
18 134
18 114
19 24
19 114
20 27
20 58
21 39
21 98
22 57
22 106
22 125
22 136
24 34
25 65
26 84
26 52
27 139
28 66
28 78
28 95
28 36
29 35
30 132
30 37
31 68
31 127
32 47
32 73
32 91
32 135
32 140
32 121
33 108
34 40
36 120
37 90
39 59
41 81
41 120
42 77
42 47
43 80
43 88
44 48
44 52
44 87
44 66
45 55
45 95
46 60
46 98
46 107
50 63
50 61
51 105
52 72
52 109
52 121
53 126
54 93
54 81
56 127
56 137
57 89
58 67
58 100
58 113
58 122
58 70
59 118
61 65
62 64
62 123
62 67
64 90
65 99
65 137
65 102
69 118
70 79
70 101
70 136
70 80
71 108
72 75
75 112
76 119
78 85
82 94
82 103
82 110
82 98
83 92
83 116
84 126
85 96
87 97
87 128
87 129
89 117
91 114
93 115
99 133
102 130
103 124
104 130
104 124
116 131
123 131
134 138
