140 139
1 10
1 99
2 6
2 110
3 39
3 69
3 123
3 34
4 56
5 61
5 124
6 140
7 25
7 60
8 84
9 91
9 68
10 75
11 38
11 70
12 53
12 129
13 84
13 114
14 110
14 51
15 27
16 70
16 56
17 120
17 94
18 32
18 133
19 27
20 76
20 93
21 28
21 27
22 70
23 85
23 136
24 98
25 65
25 103
25 114
25 128
26 52
26 89
26 95
26 100
26 137
26 111
27 46
27 129
27 75
28 60
29 105
30 90
30 59
31 42
33 128
34 90
35 77
35 76
36 44
37 112
37 126
38 122
40 104
40 61
41 128
42 44
42 64
42 107
42 89
43 88
45 63
45 128
46 94
47 125
47 55
48 102
48 106
49 71
49 97
50 57
50 87
50 121
50 140
51 64
52 88
54 118
54 123
55 109
56 116
56 134
56 63
58 72
59 72
59 73
59 119
59 130
62 98
62 134
66 67
66 137
67 74
68 85
70 93
71 133
74 131
78 97
78 99
79 81
80 138
80 135
81 117
82 127
82 102
83 131
86 139
86 91
92 113
92 97
95 124
96 113
97 106
97 115
97 132
100 109
101 126
101 122
105 107
108 135
108 116
111 115
117 132
128 130
128 136
