400 399
1 28
1 136
2 173
3 254
3 361
3 365
3 272
4 98
4 157
4 379
4 189
5 310
5 95
6 288
6 252
7 134
7 43
8 371
8 200
9 204
9 245
10 262
11 371
12 102
12 230
13 61
13 160
14 323
15 121
15 337
15 255
16 173
17 202
18 125
18 103
19 300
20 392
21 90
21 291
21 349
21 335
22 175
22 237
23 109
23 164
23 261
23 336
23 114
24 331
24 372
25 285
26 230
27 285
27 300
28 360
29 79
29 115
29 170
29 250
30 284
30 251
31 211
31 222
31 340
31 364
32 40
32 334
33 88
34 215
34 273
35 187
35 69
36 167
37 125
38 50
39 168
39 247
39 327
39 352
40 73
40 386
40 396
41 127
42 167
43 51
43 177
43 260
43 349
44 132
45 93
46 268
46 163
47 54
47 376
48 207
49 67
49 318
49 344
49 238
50 292
50 364
50 194
51 389
52 63
52 210
52 253
52 348
52 369
53 240
54 236
55 125
56 312
56 247
57 195
58 104
58 105
58 181
58 339
58 249
59 75
59 313
59 363
59 115
60 153
61 176
62 99
62 302
62 156
63 85
64 165
65 237
65 242
66 267
67 171
68 189
68 265
69 277
70 137
70 86
71 280
72 229
74 239
76 191
77 317
78 285
80 192
81 183
81 239
82 249
82 97
83 276
83 298
83 332
83 264
84 315
85 92
85 325
85 397
86 289
87 187
88 130
88 334
88 214
89 172
90 267
91 377
92 377
93 246
93 255
93 304
93 268
94 95
95 155
95 290
95 316
96 103
97 393
100 225
101 173
102 129
102 227
102 241
103 140
103 184
103 105
106 165
107 169
108 191
108 184
109 239
110 162
110 303
111 371
112 356
113 163
113 155
114 289
114 300
114 248
116 285
117 300
118 240
119 330
119 310
120 252
122 356
123 197
123 275
123 288
124 266
124 343
124 351
124 287
125 400
126 228
126 322
127 178
127 223
127 247
128 319
131 169
132 138
132 214
132 154
133 392
134 296
134 366
134 373
135 293
135 384
135 201
137 229
139 314
141 392
142 315
142 173
143 148
144 388
145 303
146 280
147 381
148 185
148 370
148 265
149 239
150 195
151 186
151 203
151 328
151 265
152 331
153 308
153 342
153 189
154 321
155 202
155 252
155 341
156 326
158 341
159 202
160 310
161 371
162 242
165 338
165 372
165 247
166 338
167 362
167 357
169 199
169 310
171 262
172 217
173 348
174 297
174 368
175 198
175 226
175 231
175 250
175 265
177 287
178 234
179 241
180 230
181 219
182 190
182 200
182 319
182 386
188 217
188 232
189 193
192 299
192 376
192 249
193 333
193 382
193 393
194 317
195 272
195 389
196 274
201 225
202 294
203 273
205 368
205 206
206 282
206 374
206 290
207 213
207 286
207 357
207 271
208 280
208 381
209 252
212 301
212 317
216 380
216 395
218 237
219 350
220 381
221 338
224 388
225 251
225 234
228 320
229 258
229 314
230 301
232 399
233 257
235 341
237 245
237 375
238 303
240 307
240 351
243 350
244 274
244 280
247 399
248 254
249 317
249 352
256 338
257 259
257 306
257 351
262 295
263 317
264 359
265 316
269 274
270 351
271 341
277 284
278 315
279 347
279 341
280 398
281 394
282 381
283 377
295 395
303 367
303 360
305 351
309 322
309 364
310 346
311 326
311 358
312 390
315 387
317 358
317 385
320 378
321 377
323 343
324 356
329 381
335 347
338 369
345 394
346 354
346 383
346 391
353 388
355 380
356 398
359 394
364 392
378 394
385 388
