180 179
1 125
2 160
3 146
4 170
5 54
5 159
5 24
6 48
7 171
8 26
8 56
8 76
8 67
9 93
10 110
10 117
11 134
11 92
12 144
13 102
14 51
14 57
14 129
14 132
14 92
15 170
15 153
16 49
17 73
18 77
19 116
19 167
20 25
20 42
20 65
20 117
20 111
21 178
22 93
23 171
24 65
25 98
27 149
27 89
28 115
29 146
30 34
31 146
32 52
33 106
33 108
34 41
34 164
34 92
35 62
35 141
36 52
37 38
37 134
39 45
39 48
40 113
40 146
40 171
40 173
40 178
40 147
41 81
43 106
44 67
44 144
45 126
46 117
47 149
48 53
48 78
49 107
49 139
49 66
50 100
51 104
52 90
52 153
55 171
57 122
58 152
59 60
59 123
59 157
59 160
59 109
61 162
61 141
62 145
62 148
62 156
62 168
63 147
63 86
64 106
66 167
68 156
69 105
70 73
71 127
72 167
73 89
73 108
73 76
74 144
74 102
75 91
77 180
77 82
78 105
79 93
79 103
79 120
79 176
79 94
80 167
81 105
82 99
83 103
84 178
85 122
86 145
87 108
88 121
91 116
92 138
92 127
93 101
93 169
94 123
95 115
96 160
97 170
99 108
100 110
101 167
102 154
102 172
102 127
105 177
108 137
108 158
109 141
111 122
112 128
112 172
114 118
115 162
117 150
118 126
119 178
121 161
122 140
124 125
125 131
125 141
127 151
127 173
128 130
133 170
135 164
136 143
137 152
141 153
142 152
143 160
144 165
149 166
152 155
153 174
160 179
161 163
161 175
161 179
