300 299
1 71
1 84
1 122
1 136
1 137
1 229
1 279
2 7
3 69
3 231
3 260
3 54
4 159
4 72
5 217
5 57
6 276
6 71
7 91
7 142
7 295
7 243
8 19
8 79
9 202
10 215
11 56
11 138
11 182
11 241
11 140
12 132
12 191
13 255
13 64
14 63
14 149
15 254
16 85
16 127
16 192
16 162
17 138
18 154
18 28
19 284
20 197
20 140
21 168
21 182
22 88
22 229
23 58
23 93
23 283
23 60
24 293
25 145
25 112
26 117
27 77
27 110
27 164
27 297
27 157
28 169
28 201
28 172
29 157
29 241
30 59
31 236
32 112
33 259
33 79
34 144
35 167
36 233
36 53
37 254
37 149
38 89
38 199
39 158
40 67
40 268
41 65
42 113
42 248
42 252
42 281
42 149
43 184
44 165
44 81
45 49
45 83
45 253
45 275
46 74
47 63
48 289
48 247
50 66
51 66
52 191
52 112
53 254
54 181
55 163
55 79
56 57
57 178
57 216
57 224
59 143
59 221
60 173
61 235
61 123
62 145
63 207
63 218
63 257
64 237
64 274
64 164
65 179
65 257
66 206
66 248
68 162
68 146
70 79
72 255
73 280
73 275
74 181
75 183
76 111
76 151
78 124
78 215
79 198
79 89
80 287
80 279
81 181
82 120
84 177
86 214
86 197
87 106
88 220
90 211
91 195
92 114
92 99
93 101
94 114
95 235
96 188
96 199
97 147
97 176
98 138
99 209
99 263
99 128
100 205
100 141
101 232
102 156
103 125
103 219
103 262
103 149
104 185
104 221
105 267
105 237
106 177
107 265
107 158
108 271
108 179
109 174
109 121
111 166
112 115
112 222
112 240
112 246
112 183
114 249
114 258
116 193
117 240
118 278
118 232
119 133
119 175
120 178
121 204
121 269
121 149
122 139
123 211
124 140
126 158
128 200
129 181
130 151
130 249
131 264
132 146
134 160
134 147
135 265
138 189
139 149
140 180
141 259
144 171
144 196
144 289
148 299
149 184
150 211
152 208
152 288
153 184
154 194
155 188
156 175
156 238
156 291
156 292
157 172
157 181
157 272
157 286
158 275
158 292
158 218
161 173
167 222
170 223
173 234
173 242
173 273
173 298
174 215
176 187
181 186
181 187
183 190
183 285
183 225
184 210
185 247
186 236
189 239
193 271
194 264
199 200
199 212
199 296
199 203
202 219
203 265
205 250
207 211
213 214
221 261
221 293
221 223
223 266
223 234
225 236
226 230
227 254
228 277
228 275
230 275
236 270
238 268
239 251
243 282
244 245
244 246
245 256
251 300
261 299
265 298
267 290
275 282
281 294
287 288
