300 299
1 282
2 253
3 157
3 299
4 84
4 287
4 208
5 132
6 139
7 186
7 241
8 171
9 63
10 213
11 65
11 163
11 181
11 198
11 120
12 282
13 263
14 23
14 24
14 184
14 44
15 143
16 251
16 277
17 178
18 95
18 160
18 214
18 215
18 239
19 245
20 116
20 105
21 183
21 232
22 103
23 275
24 70
25 71
25 89
26 38
26 205
26 216
26 157
27 127
28 50
28 60
28 100
28 300
28 116
29 265
30 59
30 196
31 162
32 213
33 134
34 35
35 217
36 66
37 254
39 265
40 151
41 257
42 96
42 147
42 230
42 218
43 119
44 189
45 99
46 151
46 280
47 89
47 138
47 281
47 208
48 239
48 183
49 242
50 113
51 134
52 250
53 68
53 177
53 261
53 104
54 183
55 228
56 132
56 192
57 64
57 188
58 223
58 239
59 72
59 88
59 249
60 257
61 254
61 219
62 119
63 191
63 266
63 183
64 110
66 81
66 206
66 140
67 209
67 218
67 267
67 103
68 112
68 193
68 199
69 102
70 182
70 236
70 298
71 165
71 180
71 231
72 145
73 167
74 233
75 119
75 101
76 219
77 253
78 207
78 226
78 243
78 155
79 167
80 162
82 109
83 216
85 252
86 188
86 237
87 135
87 206
90 284
90 139
91 277
91 109
92 221
92 293
92 165
93 235
93 167
94 262
94 219
95 255
97 242
98 107
98 139
99 275
100 103
101 117
102 232
102 276
102 283
102 150
103 117
103 259
104 217
105 298
106 127
107 121
108 140
108 141
108 201
108 271
109 156
109 197
109 112
111 166
113 125
114 186
115 183
118 119
119 286
119 288
120 246
121 176
122 142
123 282
124 169
124 157
126 245
127 133
127 218
128 213
129 290
129 208
130 299
130 279
131 252
131 220
132 146
132 154
134 264
134 170
135 185
136 169
137 139
137 178
139 158
139 274
142 227
142 269
142 217
143 175
143 194
143 157
144 237
144 203
145 166
148 222
149 164
149 224
149 229
149 210
150 208
151 172
151 187
151 246
152 168
152 233
153 166
154 155
157 219
159 222
161 178
161 265
162 278
162 285
162 294
167 274
170 282
171 225
171 295
173 283
174 189
174 247
177 190
178 217
179 245
181 213
183 295
185 211
187 245
190 263
192 240
192 271
192 280
192 297
192 256
195 254
196 223
200 257
202 239
203 254
204 223
208 234
208 253
208 244
209 244
210 272
211 292
212 223
215 279
220 268
222 267
224 242
227 256
228 273
233 291
233 243
234 272
235 268
238 253
239 289
240 294
241 245
247 264
248 273
248 285
250 261
254 258
257 270
260 270
262 265
290 296
