400 399
1 44
1 63
2 92
2 173
3 297
4 13
5 281
6 372
6 281
7 32
7 33
7 141
7 248
7 363
7 356
8 247
9 168
9 191
10 65
11 354
12 47
12 140
13 48
13 280
13 196
14 214
15 327
15 366
15 371
15 122
16 396
17 216
18 80
19 328
19 194
20 192
21 56
21 119
21 262
21 330
21 342
22 70
22 238
23 86
23 257
24 159
24 314
25 180
25 118
26 267
27 372
28 66
28 183
28 369
29 198
29 322
30 158
30 229
31 270
31 330
34 345
34 116
35 287
35 127
36 397
36 275
37 54
37 292
38 177
38 69
39 114
39 188
39 211
39 230
39 311
40 45
41 199
42 356
42 173
43 266
43 115
44 189
45 109
45 315
45 381
45 367
46 214
47 383
49 95
49 178
49 212
49 153
50 323
50 249
51 79
52 222
52 362
53 156
54 147
55 307
57 142
57 275
58 310
58 104
59 267
60 277
60 255
61 179
61 314
62 116
62 327
63 99
63 206
63 219
64 228
64 182
65 102
65 140
65 335
65 267
66 193
67 128
68 139
68 291
69 139
70 117
70 118
70 157
70 200
71 342
71 232
72 147
73 146
73 126
74 197
74 328
75 156
76 348
76 85
77 90
78 215
78 345
79 202
80 223
80 245
80 337
80 347
80 368
81 295
81 104
82 384
83 101
83 359
84 392
85 264
87 277
88 201
89 234
90 103
90 311
90 157
91 254
92 161
93 149
94 377
94 104
96 292
96 358
97 130
98 112
98 163
100 208
101 393
104 106
104 151
104 120
105 385
106 389
107 261
107 362
108 298
108 176
109 275
110 279
110 378
111 149
113 296
114 271
115 293
115 339
115 367
115 299
119 362
120 320
121 357
121 129
122 213
123 359
124 294
124 400
125 365
126 152
126 281
126 382
126 390
126 244
127 131
127 148
127 231
127 223
128 225
128 333
128 180
129 343
130 170
130 246
130 197
132 242
132 309
133 210
134 393
135 281
136 163
136 380
137 241
138 201
139 176
139 288
141 268
143 243
143 263
143 301
143 360
144 307
144 242
145 337
146 218
146 303
146 338
149 199
149 263
150 186
153 173
154 186
154 319
155 162
155 183
156 202
156 249
156 286
158 235
158 370
158 374
159 240
160 326
160 373
161 331
162 164
165 217
165 362
166 169
166 305
167 395
168 182
169 360
171 392
171 335
172 276
172 216
173 194
173 239
173 341
174 281
175 287
179 368
181 229
181 286
181 306
181 361
181 265
184 396
184 316
185 192
186 282
186 378
187 213
189 233
190 322
190 312
191 253
192 320
192 275
193 236
195 260
195 296
196 237
198 254
201 300
201 400
203 267
203 254
204 396
205 296
207 241
208 372
209 310
210 251
210 305
210 275
213 227
213 252
213 386
213 230
214 376
214 275
216 297
216 302
216 283
217 364
220 237
220 329
221 274
221 268
222 343
223 232
224 262
226 233
233 250
233 344
233 375
234 326
235 400
238 314
241 380
241 340
244 252
247 255
247 308
247 298
248 346
250 314
253 294
254 352
256 398
256 271
257 333
258 390
259 347
260 355
264 396
265 278
267 394
269 400
270 388
271 358
272 310
273 299
273 353
276 354
278 332
279 349
283 300
284 348
285 362
287 325
287 359
287 387
289 322
290 322
291 387
296 373
296 351
302 365
303 336
304 310
309 349
312 314
313 318
313 323
314 353
316 347
317 397
319 336
321 347
324 385
324 355
329 346
332 386
334 399
337 340
337 341
337 350
347 351
359 379
364 399
369 377
372 391
384 389
395 398
