200 199
1 38
1 134
2 36
3 6
3 102
4 144
4 77
5 45
6 52
6 137
7 33
7 88
7 102
7 146
7 179
8 119
8 154
8 91
9 126
10 43
10 185
10 190
10 21
11 150
11 66
12 85
12 49
13 78
14 54
14 160
15 134
16 136
17 120
18 49
19 37
20 98
21 46
22 120
23 188
24 45
25 98
25 138
26 54
27 45
28 56
28 122
28 71
29 92
30 111
30 180
31 53
32 134
34 46
35 173
36 40
36 161
36 87
37 123
37 132
37 177
37 134
38 86
38 168
38 169
39 78
41 159
42 98
44 141
45 165
46 90
46 118
47 151
48 170
48 176
48 150
49 155
49 193
49 123
50 160
51 127
53 63
53 100
53 68
55 126
57 126
58 64
59 62
59 79
59 81
59 156
60 186
61 159
64 121
64 156
64 196
64 109
65 134
66 74
66 152
66 172
67 75
68 75
69 152
70 95
71 173
72 91
72 141
73 80
75 145
75 192
76 151
77 89
78 84
78 166
80 167
80 198
80 200
82 120
83 186
85 138
87 127
87 173
87 180
88 126
88 141
88 180
89 191
92 131
92 139
92 162
92 122
93 173
94 116
95 107
95 172
95 158
96 136
97 101
99 127
101 135
101 163
101 191
101 151
103 124
104 118
104 106
105 160
106 112
106 171
106 139
108 173
109 126
110 189
110 180
113 124
114 116
115 127
116 184
116 195
117 182
120 192
120 128
124 153
124 165
124 184
125 159
128 142
128 186
128 189
129 182
130 157
133 158
133 179
133 187
133 144
136 181
136 166
138 140
138 143
141 149
142 164
142 197
142 199
147 186
148 166
148 156
151 195
151 193
156 159
157 178
157 194
157 166
160 196
174 188
175 188
180 200
182 183
182 200
188 200
