100 99
1 24
1 92
2 59
3 34
3 100
4 29
4 14
5 89
5 29
6 22
6 27
6 35
6 53
6 80
6 68
7 82
7 44
8 41
8 25
9 13
9 42
10 56
10 70
11 59
11 83
12 25
12 57
13 73
14 79
15 74
16 78
17 84
17 97
18 90
18 81
19 94
19 54
20 36
20 38
21 28
21 38
21 52
21 78
21 95
21 89
22 74
23 26
23 58
24 88
26 30
26 43
26 61
26 64
26 65
28 83
31 74
32 45
32 77
33 96
33 74
34 85
35 75
36 97
37 40
37 82
39 63
39 72
40 77
42 48
43 93
44 52
46 70
46 67
47 91
47 96
48 53
49 58
49 71
50 92
51 72
51 88
52 55
52 69
52 81
54 95
55 98
56 68
57 88
60 99
62 76
62 90
65 67
66 88
71 88
76 99
79 85
86 100
86 93
87 98
