140 139
1 94
2 129
2 17
3 96
3 83
4 114
4 35
5 93
5 101
6 77
6 115
7 18
7 15
8 40
9 102
10 86
10 64
11 39
11 18
12 118
13 80
13 122
14 31
14 68
15 43
16 74
16 19
17 40
19 118
20 40
21 90
22 138
22 97
23 48
23 54
23 89
23 140
23 81
24 70
24 57
25 40
25 34
26 49
26 135
27 47
27 52
28 53
28 114
29 129
30 104
30 100
31 45
32 126
33 90
33 66
34 35
34 56
34 66
34 112
34 120
34 138
36 135
37 43
37 51
38 135
39 44
40 75
40 139
41 98
42 111
44 59
45 108
46 118
46 51
47 91
49 51
50 62
50 114
51 82
51 83
51 106
51 111
52 73
52 88
52 95
52 113
52 130
52 119
53 72
55 103
57 111
58 111
59 122
60 92
61 103
61 87
62 127
63 114
64 121
65 126
67 93
68 118
69 101
69 85
70 84
71 134
72 124
73 131
75 109
76 121
76 133
77 79
78 85
78 95
79 110
81 126
84 97
87 120
88 133
89 117
92 135
94 105
96 128
98 127
99 125
99 114
100 137
102 114
104 115
105 119
107 140
109 126
110 135
113 136
114 123
116 118
118 132
130 134
131 137
