200 199
1 62
1 101
2 191
3 12
3 42
3 187
4 66
4 144
5 92
5 23
6 36
6 152
7 136
8 41
8 44
8 71
8 187
8 55
9 22
9 81
10 127
10 160
11 139
11 83
13 189
14 143
15 170
15 54
16 68
16 83
17 130
17 98
18 81
18 115
19 165
20 80
21 163
21 109
22 26
22 102
22 180
23 28
23 31
23 35
24 71
25 176
25 154
27 36
28 108
29 128
30 59
30 150
30 188
32 147
32 89
33 108
34 175
34 52
35 106
35 131
35 162
35 132
36 45
36 166
37 132
37 82
38 117
39 80
40 89
43 108
46 149
46 65
47 75
47 82
48 128
49 118
49 169
50 101
51 114
51 134
51 155
51 68
52 87
52 137
52 69
53 99
54 63
54 185
54 192
54 153
55 63
56 81
57 95
58 79
60 182
61 183
61 117
62 82
64 164
65 78
67 170
68 95
68 191
69 106
70 79
71 110
71 141
72 170
73 116
73 105
74 79
74 176
75 80
75 105
75 109
75 117
75 126
76 161
77 118
78 113
79 195
80 197
81 178
82 90
83 128
83 182
84 152
85 106
86 156
87 138
88 120
88 172
89 98
89 181
91 191
92 113
93 122
93 106
94 152
95 174
95 196
96 164
97 189
99 126
100 172
100 195
103 122
104 200
104 197
105 151
105 158
107 140
107 183
108 133
111 122
112 156
115 189
116 156
117 121
119 182
119 156
122 124
122 169
123 130
124 143
125 170
128 167
129 152
135 164
136 145
136 148
136 193
138 164
140 165
142 165
143 157
143 190
144 191
146 191
152 185
153 163
154 162
156 193
159 160
159 176
161 198
162 171
162 179
162 186
162 189
163 173
163 198
165 194
168 182
176 177
180 188
181 191
184 189
191 199
