200 199
1 31
1 154
2 165
2 189
3 73
3 37
4 43
4 32
5 14
5 123
6 121
7 183
7 70
8 85
8 62
9 27
10 92
10 98
11 34
11 111
11 191
11 26
12 145
13 106
13 155
13 95
15 52
15 77
16 172
17 39
17 84
17 100
17 150
17 182
17 70
18 181
19 184
20 154
21 112
21 157
22 102
22 145
23 122
23 157
23 170
23 187
23 88
24 107
25 133
26 184
27 64
27 68
27 164
27 152
28 167
28 100
29 30
30 137
30 177
30 198
30 186
31 33
31 79
32 134
35 182
36 132
36 193
37 82
38 133
39 189
40 113
40 128
40 161
40 171
40 102
41 176
41 137
42 51
42 65
42 152
42 52
44 195
45 97
45 165
46 108
47 184
48 193
48 183
49 176
50 181
53 200
53 84
54 166
54 190
54 83
55 172
56 58
56 60
57 119
58 116
59 115
59 156
59 185
59 154
60 169
60 196
60 157
61 102
62 154
63 181
66 132
67 102
68 88
69 193
70 110
70 130
70 173
70 180
71 137
72 83
72 78
74 104
74 193
75 192
75 147
76 121
76 172
77 85
78 124
80 154
81 121
82 179
82 197
82 158
86 172
87 129
88 129
88 159
89 97
90 147
91 97
93 135
94 100
95 100
96 136
96 178
97 175
98 115
99 195
100 135
100 160
101 124
102 127
103 129
104 145
105 195
107 174
107 150
108 117
108 167
109 193
110 181
112 172
114 133
114 185
118 132
119 189
120 124
121 158
123 168
124 162
124 157
125 183
126 147
131 199
132 141
133 186
134 181
137 153
137 188
138 199
139 140
139 192
142 195
142 176
143 176
144 189
145 146
147 163
148 154
149 184
149 161
151 182
153 178
157 180
159 199
160 168
163 199
183 194
