250 249
1 210
2 77
2 78
2 115
2 143
2 159
2 240
2 88
3 65
3 18
4 13
4 96
5 62
5 37
6 81
6 134
6 214
6 249
6 99
7 35
8 107
8 188
9 114
9 177
9 198
9 62
10 234
11 199
12 83
12 230
13 36
13 70
13 175
14 188
15 237
15 249
16 142
16 189
16 195
16 86
17 118
18 81
19 44
20 57
21 61
22 228
23 199
24 25
24 207
25 64
25 102
25 231
25 248
26 130
27 36
28 73
29 169
30 194
30 114
31 81
32 104
32 158
33 36
34 148
34 181
35 94
35 101
35 110
35 221
35 67
36 50
37 148
38 67
39 124
40 179
41 230
42 131
43 44
44 98
44 160
45 206
45 182
46 105
47 224
48 67
48 210
49 234
49 130
51 230
51 92
52 207
53 55
54 116
55 72
55 141
55 193
56 183
56 178
57 176
57 179
57 101
58 146
58 90
59 73
60 207
61 161
61 168
61 172
61 92
62 105
62 131
63 207
63 144
64 218
65 191
66 104
67 133
67 182
67 202
68 139
69 194
71 180
71 205
73 193
73 107
74 181
75 132
76 111
76 129
76 184
76 84
79 103
79 172
80 113
80 128
81 86
81 151
82 92
83 97
83 164
83 209
84 161
85 152
85 131
87 118
87 132
88 162
89 222
89 236
89 247
89 193
90 174
91 203
92 137
92 102
93 208
94 158
95 162
96 140
96 192
96 200
96 117
99 197
100 163
103 250
105 108
105 157
106 207
109 181
112 162
115 203
116 138
117 189
119 215
120 224
121 238
121 133
122 207
123 228
124 132
124 153
124 188
124 208
124 127
125 165
125 132
126 199
127 235
128 229
130 167
130 219
130 243
130 245
131 170
135 228
136 225
136 144
137 174
138 209
139 163
144 239
144 241
144 158
145 149
145 197
147 185
149 187
150 215
150 206
151 211
152 228
153 162
154 234
155 162
156 228
158 169
158 196
160 163
163 227
163 190
166 197
171 180
173 196
178 224
181 201
181 240
183 217
184 224
185 204
185 216
185 223
185 250
186 238
188 246
190 233
193 205
196 197
196 220
196 232
199 216
203 244
211 245
212 237
213 226
213 225
218 235
229 230
230 233
237 242
