100 99
1 30
2 45
2 24
3 4
3 86
4 95
5 88
5 44
6 31
6 44
7 72
7 17
8 94
9 43
9 58
10 55
10 80
11 51
11 90
12 62
12 30
13 47
13 40
14 39
14 74
14 79
14 85
14 89
14 91
14 97
14 54
15 92
15 87
16 94
17 36
18 76
18 20
19 48
20 49
21 65
21 43
22 68
22 41
23 27
23 30
24 53
25 48
25 60
26 66
26 94
27 64
28 50
28 96
29 95
30 32
30 41
30 57
30 58
30 69
30 71
31 99
32 61
33 93
34 35
35 66
36 65
37 82
37 94
38 73
38 74
40 56
42 52
42 75
44 49
44 54
44 59
44 60
44 96
44 94
46 52
50 86
53 100
56 71
57 80
59 87
61 63
62 67
63 93
69 94
70 75
70 99
76 98
77 82
78 83
78 85
79 100
81 84
81 83
90 91
