120 119
1 8
1 90
2 74
3 67
4 74
4 95
5 35
5 49
6 117
7 41
7 109
8 15
9 96
9 93
10 88
10 84
11 120
12 84
12 73
13 106
13 28
14 79
14 60
16 43
17 43
17 78
18 82
18 51
19 67
19 120
20 23
20 110
21 101
21 35
22 50
23 30
23 40
23 58
24 68
24 53
25 105
25 103
26 32
26 65
26 107
26 45
27 51
28 71
29 53
30 45
31 104
31 115
33 101
34 53
35 83
35 102
35 111
36 101
37 63
37 45
38 105
39 96
40 109
42 57
42 61
42 89
42 114
43 66
43 69
43 97
44 55
44 95
44 98
44 112
45 116
46 57
47 113
47 110
48 103
48 110
49 59
50 68
51 54
51 81
52 73
53 118
56 77
56 92
59 120
60 72
62 92
62 82
63 73
63 87
64 119
64 70
65 85
70 111
71 90
72 101
73 76
73 86
75 113
78 100
78 112
78 118
78 83
80 110
81 113
85 94
91 120
93 113
94 120
99 105
101 117
105 114
106 110
108 113
115 119
