450 449
1 363
2 402
3 51
3 300
4 258
5 444
5 254
6 87
7 224
7 286
8 88
8 372
9 445
10 32
11 290
12 183
12 208
13 160
14 47
14 366
14 56
15 328
16 112
16 268
17 393
18 29
18 73
18 448
18 374
19 162
19 148
20 182
20 276
21 420
21 254
22 170
22 301
22 346
22 88
23 28
23 152
23 268
23 436
23 425
24 78
24 337
25 127
25 272
26 246
26 306
27 307
27 245
29 96
30 298
31 82
32 169
32 227
32 206
33 314
33 363
34 151
34 325
34 376
35 353
36 274
36 358
37 112
38 186
39 167
40 122
40 123
40 176
40 281
40 236
41 150
41 168
42 363
43 128
44 135
44 145
45 59
46 299
46 357
48 157
48 321
49 75
50 382
50 365
51 333
52 130
53 132
53 212
53 324
53 368
54 91
54 312
55 146
55 289
56 75
57 445
57 80
58 219
58 347
59 198
60 64
60 68
60 130
60 148
60 241
61 73
62 288
62 291
62 449
62 157
63 192
63 381
63 297
64 417
65 402
65 128
66 311
67 378
68 221
69 202
70 292
71 101
72 347
73 296
73 389
74 414
75 394
75 95
76 363
77 402
78 259
79 289
79 318
80 341
80 416
80 434
80 352
81 203
82 255
83 232
84 101
84 374
84 393
84 342
85 241
86 203
86 270
87 124
87 334
87 368
89 306
89 361
89 421
89 183
90 241
91 187
91 263
92 241
92 270
93 322
93 186
94 320
94 247
95 340
97 445
98 395
98 311
99 340
99 253
100 331
101 236
101 339
101 375
101 437
102 186
103 371
103 337
104 302
105 260
106 314
107 204
107 160
108 359
108 317
109 332
109 304
110 353
110 287
111 138
112 156
113 298
113 169
114 385
115 383
116 418
116 218
117 439
117 420
118 243
118 330
119 440
120 390
120 237
121 395
122 138
124 154
125 283
126 289
128 147
128 248
128 431
128 422
129 155
129 361
130 137
130 441
131 317
133 146
134 284
136 276
136 231
137 323
138 196
138 345
138 396
139 199
140 250
140 314
141 222
141 407
142 331
143 144
143 314
144 210
145 329
146 159
146 253
148 173
148 388
149 302
153 259
154 372
158 292
158 221
160 355
160 337
161 214
163 166
163 393
164 186
164 214
165 284
166 228
167 308
167 370
167 279
168 239
170 377
171 393
172 265
174 407
174 437
175 213
175 405
176 185
177 322
178 302
179 263
180 407
181 302
181 213
182 356
182 367
182 430
184 272
184 392
185 357
186 256
187 255
188 191
188 216
189 209
190 258
192 285
193 232
194 407
195 340
196 414
197 220
197 219
198 398
199 316
199 387
199 262
200 432
200 390
201 412
201 401
202 448
203 329
203 347
204 365
205 445
206 220
207 272
208 431
209 235
209 349
211 272
213 384
213 419
213 435
214 423
214 443
214 321
215 314
216 278
216 373
216 395
217 300
218 298
219 297
219 311
220 403
220 409
222 376
223 413
223 417
224 242
224 284
225 322
226 329
228 265
229 340
230 311
231 333
232 269
232 279
232 343
233 246
234 270
234 445
237 287
238 328
239 404
240 266
242 273
242 438
242 447
243 318
244 348
245 300
246 344
246 446
247 337
249 299
250 290
251 317
251 321
252 385
254 330
254 313
256 328
257 328
258 427
258 439
259 313
259 362
260 436
261 353
262 426
264 342
266 309
266 277
267 272
270 337
270 360
271 276
272 422
274 335
275 342
276 310
276 352
276 425
277 413
280 331
282 289
283 437
284 294
285 383
286 385
287 303
287 314
290 358
290 391
291 300
293 305
293 308
295 319
295 305
298 428
300 379
300 450
302 349
304 364
312 329
315 404
317 397
317 429
321 415
321 432
326 342
326 373
327 426
329 400
331 344
336 426
338 395
342 398
343 347
346 378
348 406
350 372
351 372
354 364
354 366
368 393
369 402
375 380
377 385
378 399
378 410
381 401
386 437
392 437
395 442
397 404
403 406
404 411
405 437
408 414
414 424
419 426
433 437
434 440
