400 399
1 64
2 98
3 107
3 175
3 281
3 249
4 47
5 87
5 302
6 170
7 34
8 13
8 27
8 291
8 118
9 298
9 343
10 142
10 280
10 327
10 298
11 271
12 100
13 108
14 34
14 220
14 330
14 212
15 334
16 269
16 308
16 372
16 393
17 205
18 399
19 325
20 39
21 90
22 66
22 334
23 69
23 278
23 325
23 56
24 134
24 343
25 189
26 240
28 51
28 234
28 326
28 298
29 168
30 332
30 72
31 192
31 214
31 323
31 357
32 302
33 96
35 301
35 299
36 190
37 348
38 124
39 274
39 391
39 357
40 351
40 99
41 168
41 117
42 195
42 215
42 378
42 361
43 52
44 205
44 61
45 116
45 166
45 294
46 98
47 49
47 127
47 118
48 135
48 69
50 263
50 75
51 73
52 359
53 227
54 79
55 248
56 254
57 163
57 172
57 369
57 104
58 375
58 87
59 65
59 180
60 339
61 152
62 90
63 393
63 392
64 243
64 293
64 350
65 238
66 248
67 151
67 230
67 364
67 243
68 162
69 191
69 256
70 159
71 162
72 187
73 189
74 205
75 188
76 360
77 271
78 199
79 352
79 198
80 117
80 280
81 152
81 113
82 208
83 87
84 152
85 331
85 165
86 132
87 128
88 317
88 349
88 380
88 118
89 342
90 141
90 107
91 173
92 373
92 184
93 277
94 306
95 299
96 255
96 258
96 254
97 108
98 284
98 363
99 131
99 386
99 362
100 222
100 337
100 207
101 146
102 165
102 226
102 368
102 199
103 137
103 197
103 314
103 332
104 298
105 246
106 306
107 232
107 342
108 164
108 247
108 361
109 193
109 286
109 360
109 122
110 115
110 167
110 279
110 300
111 278
112 231
113 114
113 169
113 140
116 199
117 229
117 322
118 348
118 310
119 166
120 241
120 268
120 345
120 211
121 300
121 389
122 241
123 348
124 270
124 303
124 329
125 155
125 320
125 400
125 329
126 248
127 206
129 187
129 139
130 276
130 295
130 387
130 159
132 312
132 371
132 218
133 242
133 262
133 318
133 301
134 396
135 208
136 170
138 186
138 225
138 265
138 311
138 263
139 212
140 154
140 383
143 325
144 373
145 343
146 252
146 367
146 242
147 166
148 152
149 219
149 399
149 205
150 244
153 168
154 370
156 159
157 196
157 324
157 363
157 366
157 182
158 334
158 297
159 176
159 201
160 219
161 302
162 335
162 241
164 382
165 209
165 236
165 290
166 211
166 212
168 347
170 194
170 254
171 174
171 348
173 328
173 377
173 300
174 217
177 179
178 339
179 395
180 278
181 302
181 203
182 271
183 399
184 193
185 254
185 264
185 354
185 206
188 368
190 237
190 273
190 369
193 221
193 341
194 395
196 384
198 257
199 213
200 219
201 343
201 392
201 232
202 315
202 376
202 381
202 357
203 391
204 370
205 231
207 248
208 210
208 365
210 259
210 271
210 339
212 299
216 340
218 244
219 346
223 292
224 246
226 329
227 294
227 297
227 269
228 299
230 249
231 282
231 338
233 286
235 240
235 352
238 253
239 283
241 340
244 261
244 307
244 276
245 254
246 333
246 332
248 379
250 368
251 399
257 266
259 357
260 368
266 343
267 359
271 355
272 339
275 292
277 305
277 383
277 369
278 394
283 336
285 325
286 316
286 358
287 292
288 348
289 359
292 329
296 374
296 375
298 359
300 336
304 334
306 309
306 311
310 369
313 340
319 342
321 384
340 356
342 353
344 392
347 362
351 385
351 390
360 388
360 397
389 396
392 398
