350 349
1 239
2 145
3 102
3 111
3 149
3 97
4 150
5 45
5 217
5 182
6 330
7 255
8 169
8 318
8 164
9 75
10 347
10 231
11 89
12 249
13 224
14 230
14 117
15 47
15 193
16 204
16 186
17 209
17 250
17 337
17 93
18 136
18 172
19 70
19 338
20 305
20 89
21 257
22 175
23 266
24 305
25 42
25 114
25 218
25 295
25 342
25 233
26 60
26 43
27 330
27 101
28 287
29 68
30 270
31 75
31 126
32 263
32 270
33 108
34 346
35 308
35 98
36 242
37 302
38 109
39 78
39 103
39 215
39 219
39 335
39 278
40 207
40 277
40 289
40 339
40 251
41 88
42 246
43 229
44 302
44 257
46 96
47 134
48 320
48 62
49 255
50 223
51 271
51 323
52 146
52 349
53 305
54 132
54 56
55 163
56 106
56 123
56 141
56 156
56 193
56 282
56 261
57 263
58 88
58 108
59 206
59 243
59 316
59 62
60 174
61 63
62 99
62 101
62 292
62 350
63 267
63 341
63 346
63 227
64 343
65 162
65 333
66 188
66 303
67 94
68 76
68 178
68 282
69 220
70 179
71 131
72 95
72 135
72 249
72 255
72 334
73 299
74 145
75 113
75 213
77 306
77 261
78 270
79 349
80 175
81 278
82 241
83 220
83 313
84 154
85 269
86 232
86 171
87 186
87 261
88 208
88 211
88 236
89 175
89 300
89 144
90 135
91 239
92 232
93 262
94 237
94 238
94 258
95 194
95 197
95 325
96 180
96 345
97 342
98 309
100 345
100 305
103 117
104 249
105 343
105 270
107 256
107 244
108 216
108 231
108 152
109 319
109 328
109 276
110 242
112 138
112 244
112 260
112 151
114 317
115 340
116 135
117 234
117 235
117 240
118 263
119 195
119 123
120 302
121 251
121 210
122 228
124 331
124 276
125 133
126 196
127 278
128 182
128 322
129 150
130 290
130 232
131 189
131 196
133 320
134 312
135 214
135 294
136 205
137 285
137 280
139 257
139 290
140 171
142 201
143 241
144 247
145 304
145 297
146 212
147 229
147 239
148 242
148 232
149 168
150 283
150 335
151 155
152 346
153 311
153 346
154 177
154 199
154 254
154 251
155 171
156 287
157 210
157 299
158 281
158 256
159 201
160 329
160 312
161 181
161 301
161 336
161 246
162 334
163 183
163 196
163 323
163 195
164 320
165 229
166 249
167 302
168 280
170 340
171 286
171 276
172 295
173 220
174 265
175 226
176 241
179 291
184 257
185 263
187 201
190 330
191 222
192 326
196 309
198 229
200 346
201 267
202 343
203 212
205 223
218 259
221 327
222 279
224 245
224 321
224 251
225 268
225 230
227 229
228 271
229 338
230 298
230 314
232 297
233 349
236 326
238 344
239 258
241 322
241 276
247 255
248 288
248 252
249 299
252 341
253 320
257 303
259 273
261 262
261 275
261 299
264 350
264 278
266 272
266 348
266 336
269 317
270 279
270 315
274 346
276 311
278 331
281 284
287 296
287 310
291 349
293 309
296 327
300 313
307 340
308 324
309 332
333 336
336 340
