200 199
1 60
1 101
2 4
2 78
3 67
4 162
5 163
6 171
6 69
7 39
7 113
8 109
8 32
9 142
9 71
10 58
11 163
11 140
12 43
13 102
14 66
14 42
15 183
15 71
16 29
17 189
17 116
18 121
18 100
19 56
19 110
20 161
20 162
21 64
22 64
22 118
23 91
23 85
24 155
25 137
25 28
26 200
26 90
27 61
28 195
29 40
30 158
31 36
31 192
32 34
33 144
34 177
35 93
35 157
36 72
37 198
37 106
38 112
39 146
40 176
41 115
41 50
42 123
43 45
44 48
44 92
45 75
46 178
46 121
47 113
48 85
49 93
50 58
51 126
51 97
52 179
52 136
53 184
53 195
54 63
54 124
54 149
54 190
55 64
56 135
57 165
57 126
58 114
58 194
59 132
59 199
60 158
61 200
62 100
62 125
65 164
65 162
66 67
67 90
67 133
68 174
68 184
69 101
70 119
71 120
71 77
72 110
73 173
73 199
74 113
75 140
76 139
76 173
77 195
78 81
78 159
78 191
78 153
79 162
80 176
80 82
81 151
82 150
83 122
84 110
86 179
87 158
88 108
89 144
89 199
91 97
92 135
94 125
94 143
95 152
96 196
96 164
98 192
99 194
99 140
102 140
103 108
103 160
104 117
104 199
105 131
105 115
106 131
107 108
108 156
109 116
110 177
110 181
111 168
111 151
112 154
113 197
113 199
113 189
117 153
118 141
118 145
118 166
118 148
119 132
122 182
123 187
127 129
127 186
128 198
129 190
130 137
134 193
134 192
136 199
138 162
140 175
142 160
143 161
146 185
147 158
148 162
150 156
152 172
154 181
155 196
157 185
159 175
167 182
167 169
168 169
170 192
171 195
172 180
174 186
178 188
180 195
183 192
187 193
