120 119
1 64
2 22
2 65
2 92
2 45
3 27
3 108
4 33
4 104
4 114
4 28
5 83
6 63
7 10
8 64
9 83
10 16
10 96
10 54
11 51
11 53
11 42
12 110
13 42
14 71
15 77
17 39
18 84
19 44
19 72
19 82
19 95
20 29
21 43
22 69
22 83
22 86
23 90
24 117
25 56
25 98
25 112
25 91
26 115
27 57
28 50
29 52
29 87
30 76
30 84
31 113
31 90
32 110
34 53
35 101
35 105
36 71
37 84
37 64
38 73
38 77
39 43
39 74
39 103
39 104
40 71
41 51
42 108
42 118
42 100
43 47
43 67
43 109
44 45
46 110
47 90
48 63
48 71
48 110
48 86
49 53
50 58
50 88
50 76
51 66
51 116
53 94
54 117
54 101
55 113
57 78
59 101
60 97
61 101
62 73
63 68
63 105
64 95
69 106
70 77
72 115
75 113
77 93
79 113
80 97
81 117
83 119
84 93
84 111
85 117
87 119
89 115
90 99
90 102
91 115
97 109
100 115
106 107
106 120
