100 99
1 45
1 89
2 35
3 100
3 95
4 16
5 44
5 49
6 40
6 78
7 21
7 78
7 96
7 97
7 47
8 13
8 28
8 54
8 68
8 92
8 69
9 67
10 17
10 50
10 60
10 62
10 79
10 80
10 15
11 86
11 30
12 46
12 45
14 18
14 99
15 45
16 27
16 69
16 73
16 85
18 23
19 74
19 70
20 96
22 91
22 93
23 75
24 42
24 45
25 57
25 33
26 41
26 60
29 40
30 71
31 39
32 33
32 36
34 59
35 66
36 53
37 46
38 55
38 81
38 90
38 84
39 53
41 88
42 93
43 52
43 45
45 51
45 85
47 80
48 53
48 61
49 64
49 66
49 95
49 99
49 62
52 83
53 63
53 94
55 61
56 91
58 98
58 77
59 76
59 77
59 74
65 98
67 87
70 82
71 79
72 84
72 73
75 82
87 89
