350 349
1 12
1 52
2 298
3 28
3 127
3 164
3 267
3 133
4 51
5 158
5 108
6 31
6 338
7 302
8 38
8 128
8 189
8 57
9 73
9 279
9 323
10 53
11 253
11 257
11 314
11 118
12 19
12 179
12 192
12 259
12 298
13 266
14 93
14 35
15 218
15 87
16 245
17 203
17 276
18 124
19 50
20 310
21 304
21 309
22 276
23 277
24 183
24 37
25 217
26 268
27 287
29 305
29 275
30 114
30 250
32 285
32 186
33 247
33 326
34 48
35 195
36 302
37 67
37 194
37 337
37 98
39 59
39 214
39 340
39 315
40 205
41 229
42 100
42 65
43 277
44 91
44 115
45 205
46 301
46 177
47 146
47 289
48 237
48 252
48 227
49 65
50 213
51 243
51 321
51 168
52 78
53 265
54 217
54 215
55 205
55 138
56 181
56 211
57 266
58 199
58 208
58 209
58 332
60 311
60 115
61 326
62 120
62 276
63 293
63 297
63 146
64 149
64 239
65 83
65 188
65 315
66 140
67 130
68 193
68 195
68 222
68 227
69 334
69 336
69 324
70 203
71 180
72 161
72 270
72 153
74 272
74 184
75 174
76 119
76 215
77 286
77 91
78 107
78 182
78 230
79 335
79 171
80 126
80 287
81 326
82 102
82 104
82 110
82 290
82 255
84 255
84 287
85 200
86 205
87 200
88 287
89 97
90 320
90 298
91 144
91 236
92 215
93 333
94 122
94 243
95 218
96 163
96 238
96 315
96 269
97 122
98 105
99 282
99 298
100 173
100 225
100 278
101 207
102 326
103 274
104 123
105 227
106 126
107 248
108 283
109 132
109 196
111 348
111 170
112 180
113 175
114 275
115 234
115 349
115 148
116 337
117 331
118 233
119 174
120 240
120 299
120 317
121 126
122 198
122 256
123 322
124 227
124 344
124 244
125 229
126 246
126 283
126 347
129 266
130 169
130 178
130 295
131 206
131 277
132 143
132 201
132 342
133 226
134 175
134 340
135 274
136 254
136 303
136 308
136 315
137 200
138 142
138 216
138 281
139 155
140 329
140 152
141 203
143 262
145 149
147 177
148 345
150 262
151 177
152 188
153 308
154 309
154 325
155 166
155 330
155 288
156 335
157 180
159 180
159 304
160 162
162 204
162 241
162 202
164 260
165 264
167 325
168 271
170 287
171 174
172 276
174 273
176 325
177 232
181 242
183 197
183 228
183 232
183 306
183 341
184 307
185 332
185 350
186 227
187 346
190 262
191 229
192 310
196 282
200 202
202 277
202 286
203 307
207 249
207 300
207 267
210 250
211 250
212 248
213 223
215 319
215 219
219 345
220 345
221 268
224 337
226 258
226 328
226 251
229 268
231 264
233 276
233 318
233 327
233 247
235 262
239 270
244 327
245 315
248 284
248 338
250 350
250 343
251 264
251 268
251 322
257 269
259 266
261 274
263 339
264 289
265 287
268 292
271 315
273 287
274 347
275 291
277 296
280 346
280 318
281 345
288 302
291 312
294 337
297 331
298 339
301 325
302 311
306 323
312 316
313 333
320 345
324 345
325 343
