500 499
1 77
2 262
3 444
4 469
5 48
6 276
7 57
7 63
7 112
7 167
7 32
8 240
8 185
9 298
9 492
10 388
11 360
12 22
12 482
13 422
13 234
14 100
14 273
15 360
16 265
17 256
17 50
18 134
18 179
18 214
18 71
19 31
20 308
20 259
21 139
21 263
22 176
23 24
23 489
24 234
24 236
24 271
25 148
25 392
26 243
27 463
28 60
28 309
28 340
28 300
29 39
30 151
30 455
31 467
32 61
32 75
32 329
32 120
33 135
33 381
33 471
33 287
34 313
35 259
36 40
36 52
36 69
36 153
36 238
36 60
37 410
38 410
39 278
39 283
39 175
41 291
42 437
42 319
43 394
43 463
44 199
45 119
45 292
46 462
47 405
48 110
48 242
48 424
48 438
48 369
49 90
49 437
50 244
51 60
52 161
52 165
52 203
52 361
52 431
52 492
53 389
54 188
55 197
56 453
57 81
58 482
59 318
59 398
60 205
60 257
60 464
62 129
62 303
63 250
64 144
64 478
65 113
65 164
65 213
66 367
66 369
66 457
66 483
66 210
67 396
68 286
70 276
70 232
71 364
71 418
71 86
72 131
72 340
73 291
74 160
74 258
74 338
74 119
76 328
77 246
77 279
77 403
77 468
78 174
78 200
78 320
78 363
78 493
78 204
79 360
80 143
80 450
80 453
80 239
81 133
81 215
81 488
82 156
82 398
82 444
82 490
82 117
83 291
84 226
85 274
85 371
85 473
85 209
86 223
86 411
86 441
86 402
87 476
87 444
88 233
88 299
89 99
90 286
91 444
92 463
92 489
93 226
94 250
95 377
96 427
96 262
97 260
98 463
99 272
99 355
100 456
101 255
101 307
101 433
101 424
102 157
102 480
103 404
103 105
104 213
104 184
105 124
105 346
105 163
106 474
106 358
107 382
108 402
108 233
109 305
109 271
111 370
114 292
114 202
115 129
116 144
117 401
118 270
119 291
119 410
120 227
120 300
120 445
121 167
122 158
122 246
123 184
125 172
125 142
126 226
127 408
127 156
128 232
129 342
130 208
130 441
132 171
132 311
136 394
137 397
137 453
138 195
139 253
139 375
139 455
140 354
141 477
142 493
143 263
143 409
143 421
144 182
144 247
145 191
145 277
145 337
145 430
145 307
146 267
146 285
146 498
146 457
147 359
147 256
148 354
149 225
149 301
149 429
149 204
150 426
151 368
152 322
154 220
154 174
155 451
155 416
156 314
156 355
156 460
157 169
157 222
157 331
157 415
158 426
159 492
162 364
163 304
165 439
166 437
168 482
169 323
170 400
170 415
171 480
173 413
173 373
174 210
174 299
174 432
175 267
176 399
177 271
178 310
178 458
180 450
181 227
183 364
184 209
184 219
184 306
184 427
185 407
186 221
187 388
188 321
188 407
188 237
189 319
190 461
190 429
192 467
192 462
193 286
194 394
195 302
195 288
196 423
197 313
197 349
197 476
198 405
199 284
199 386
199 292
200 218
201 273
202 264
202 312
202 341
202 448
204 343
204 445
204 246
205 273
206 359
207 313
211 249
211 435
211 446
211 245
212 304
216 373
216 389
217 377
218 317
219 243
220 477
221 334
221 379
221 275
223 261
224 406
226 489
226 486
227 248
227 387
228 308
229 259
229 362
230 389
231 286
232 497
232 477
234 339
234 390
235 377
236 391
237 451
238 282
238 406
239 488
241 276
242 380
243 275
243 436
244 388
244 428
244 482
244 351
245 360
246 297
246 395
251 439
252 262
253 370
254 450
259 416
259 484
260 309
262 292
265 447
265 470
265 416
266 462
266 418
268 394
269 276
270 494
271 356
273 350
280 300
281 391
282 327
282 348
282 481
283 405
287 313
288 368
289 398
290 423
292 423
293 492
294 304
295 311
296 392
296 306
300 491
303 354
304 406
308 374
308 494
311 365
311 489
313 378
315 408
316 440
316 465
316 500
316 416
319 383
319 404
322 456
324 425
325 328
326 398
328 385
328 468
330 391
332 406
333 425
335 351
336 437
337 425
343 360
344 466
345 425
347 406
351 448
351 472
352 466
353 388
354 442
357 461
358 489
361 469
362 420
364 372
365 458
366 439
370 384
370 443
376 462
377 417
380 393
380 454
380 459
382 412
382 490
389 485
396 479
401 439
405 414
408 478
408 495
413 486
417 437
419 466
420 453
422 472
423 496
431 485
434 469
438 479
449 450
452 453
466 489
475 480
477 499
480 487
