200 199
1 192
2 119
2 51
3 181
3 24
4 139
5 54
5 79
6 94
6 89
7 109
7 100
8 68
8 124
9 101
10 130
10 117
11 52
11 100
12 31
13 16
13 191
14 24
15 43
15 49
17 83
17 116
18 97
18 72
19 60
20 58
21 55
21 166
22 62
23 58
23 61
24 26
24 198
24 37
25 154
25 59
26 167
27 197
27 38
28 61
29 90
29 84
30 94
31 77
31 132
31 137
31 200
31 63
32 142
32 77
33 112
33 87
34 169
34 182
35 149
35 152
36 176
36 174
37 155
38 184
39 177
39 196
40 123
40 82
41 103
41 100
42 43
43 47
43 162
44 140
44 173
45 172
45 73
46 67
47 78
48 93
48 145
49 185
50 92
50 85
51 127
52 164
53 156
53 86
54 118
56 79
57 131
57 189
58 135
58 155
58 166
58 196
59 152
60 83
61 111
61 116
61 168
61 170
61 106
62 138
63 152
64 102
64 115
65 125
65 89
66 167
67 121
68 151
69 95
69 190
69 158
70 157
70 145
71 115
71 164
72 192
73 88
74 82
75 156
76 132
79 105
79 133
79 123
80 104
80 157
81 87
81 91
82 189
82 161
84 89
85 118
86 149
88 125
89 110
89 117
89 188
91 109
92 145
93 183
94 106
94 136
94 153
96 100
96 153
97 127
98 126
98 148
99 152
99 100
100 128
100 165
100 180
101 113
101 141
101 122
103 175
104 160
107 199
108 118
110 182
111 171
113 158
114 121
114 194
118 163
119 161
120 156
122 134
124 152
127 179
128 146
129 193
129 160
130 134
135 194
137 184
138 145
139 140
142 143
144 169
145 173
145 178
146 150
146 159
146 185
146 187
147 156
148 168
152 186
170 174
171 195
177 199
181 191
188 193
