450 449
1 232
1 363
1 364
1 371
1 376
2 301
3 403
3 320
4 222
5 16
5 312
5 318
5 382
6 177
6 394
6 419
6 273
7 114
7 200
8 436
8 393
9 219
10 316
11 109
11 236
12 216
12 359
13 256
13 145
14 80
14 92
14 225
14 404
14 448
15 122
16 35
17 310
17 212
18 45
18 240
19 128
19 77
20 338
21 320
22 86
22 47
23 84
23 324
23 432
23 34
24 77
25 224
25 333
26 151
26 292
27 78
28 40
29 395
30 247
30 395
31 215
31 179
32 237
33 63
33 431
34 112
34 120
34 122
34 206
34 76
35 405
36 74
37 193
38 341
39 245
40 240
40 285
40 447
40 155
41 231
41 287
41 301
41 347
42 124
43 442
44 132
44 75
45 321
46 382
47 442
48 420
48 226
49 422
49 384
50 134
50 295
51 361
51 183
52 251
53 276
53 149
54 188
54 99
55 128
56 72
56 221
57 182
58 167
58 410
58 448
58 256
59 262
59 210
60 112
61 223
61 397
62 383
62 280
63 450
64 282
64 215
65 378
66 164
66 244
67 395
68 436
69 145
69 442
70 205
70 299
70 353
70 295
71 169
72 407
73 284
74 81
74 106
74 160
74 351
75 345
76 355
77 113
77 149
77 176
77 184
78 388
79 361
80 185
82 411
82 168
83 244
83 345
85 440
85 216
86 253
87 298
87 189
88 107
88 228
89 244
90 397
91 212
91 277
92 416
93 365
93 372
94 203
94 433
95 188
96 138
97 354
97 174
98 187
98 391
99 414
100 104
100 375
100 409
100 259
101 124
102 380
103 179
103 128
105 433
105 216
108 239
108 139
110 316
110 183
111 428
111 313
112 175
112 368
113 254
114 221
115 391
116 306
117 244
118 172
119 142
119 263
119 351
119 393
119 427
119 287
120 138
121 148
121 180
121 449
121 348
122 127
122 406
123 332
124 398
124 331
125 266
125 381
126 382
126 431
129 396
130 425
130 267
131 275
132 264
133 143
133 199
135 401
135 294
136 169
136 153
137 258
138 248
138 385
138 397
139 157
139 297
139 423
140 250
140 345
141 270
143 222
144 361
145 307
145 336
145 358
145 429
146 405
147 170
147 314
147 362
147 176
150 440
152 442
153 255
154 226
155 226
155 237
155 267
155 303
155 341
155 417
156 361
158 341
159 439
161 329
162 258
163 235
163 438
163 400
164 357
165 365
166 182
166 306
168 340
170 391
171 334
171 203
172 184
172 207
172 401
173 226
174 186
177 195
178 313
180 236
181 316
182 278
182 374
183 275
183 291
183 373
186 436
187 192
188 445
189 199
190 426
190 242
191 241
191 224
192 372
193 211
193 444
193 252
194 347
194 195
195 204
195 265
195 339
196 238
196 397
197 281
197 382
198 360
198 402
199 418
199 283
200 222
201 350
202 252
202 279
206 442
208 382
209 262
210 439
213 340
213 219
214 433
216 272
216 328
216 431
217 442
218 369
218 281
219 308
219 404
220 258
220 286
222 309
223 304
223 343
223 399
227 340
228 345
229 280
229 332
230 279
233 391
234 378
234 302
237 356
237 370
241 417
242 443
243 284
244 413
245 440
246 397
247 294
248 288
249 423
249 358
251 450
254 437
255 332
257 446
257 258
259 433
260 344
261 357
264 290
265 315
266 337
266 434
268 316
269 400
269 447
270 303
271 395
271 426
273 284
274 433
276 332
277 396
279 323
279 377
279 364
280 322
280 326
280 330
282 338
283 422
284 373
284 429
285 396
286 311
287 311
288 331
289 431
290 352
292 413
293 338
295 313
295 333
295 439
295 374
296 342
296 309
298 350
300 344
302 318
305 391
306 412
306 383
310 327
313 421
317 348
317 396
319 341
320 366
320 411
325 379
329 403
335 390
337 414
339 345
340 384
344 349
344 430
344 444
346 440
349 443
355 380
359 367
367 408
369 435
376 388
379 445
380 392
380 420
381 437
386 439
387 414
389 414
390 428
396 408
396 441
402 416
415 436
424 431
