300 299
1 192
1 212
1 241
1 278
1 288
2 30
2 44
3 43
3 146
3 287
3 229
4 234
4 58
5 9
5 269
6 86
6 211
6 261
6 299
6 141
7 250
7 62
8 270
8 200
9 251
10 263
11 40
11 106
12 59
12 263
13 73
13 183
13 247
13 91
14 16
14 119
15 109
15 139
15 186
15 262
15 136
17 157
18 95
18 101
18 227
18 238
18 131
19 141
19 227
20 154
21 35
21 292
22 92
22 230
23 64
24 295
25 93
25 103
26 103
27 264
28 76
28 93
29 228
31 80
31 188
31 202
31 267
32 184
33 70
34 209
35 53
35 182
35 293
36 154
36 125
37 258
37 296
38 157
39 93
40 111
40 118
40 187
40 300
41 191
41 200
42 204
42 82
43 123
44 291
45 282
45 87
46 157
46 198
47 126
48 290
49 125
50 259
51 81
51 264
52 119
52 136
53 134
54 290
54 211
55 112
55 115
56 267
56 259
57 265
58 121
59 173
60 165
60 195
61 251
62 185
63 68
63 292
64 229
64 294
64 286
65 259
65 70
66 264
66 136
67 218
68 213
69 97
69 236
70 106
70 197
70 242
71 99
72 172
72 283
74 126
74 253
75 90
76 124
77 214
77 235
77 249
77 78
78 133
79 260
81 160
81 209
81 289
82 170
83 171
83 232
84 268
84 286
85 203
85 135
87 103
88 127
88 113
89 232
90 266
91 98
93 205
93 283
94 195
94 210
94 274
94 300
96 213
97 175
98 158
98 222
98 151
99 191
100 219
100 124
102 154
103 226
103 156
104 150
105 171
107 244
107 231
108 184
110 131
110 189
111 129
111 196
111 208
112 125
113 162
114 265
115 156
115 168
115 240
115 221
116 145
116 186
117 190
117 245
117 280
117 126
120 232
121 201
122 264
123 216
125 142
126 167
126 269
128 272
130 154
132 250
133 184
135 228
136 189
136 228
136 213
137 265
137 148
138 162
138 259
140 228
143 282
144 244
145 164
147 149
148 161
148 231
148 275
148 211
149 207
149 255
149 270
150 197
151 200
152 200
153 235
155 185
157 246
159 250
163 264
166 203
167 198
169 245
170 263
172 243
173 272
174 286
174 248
175 184
176 263
176 237
177 232
178 256
178 217
179 260
180 185
181 260
184 284
185 237
185 239
193 218
194 263
199 285
199 262
200 246
201 288
202 232
203 271
203 276
203 297
206 248
211 230
212 236
213 257
214 253
215 265
216 221
217 271
218 254
219 254
220 292
223 295
223 241
224 298
225 292
233 279
233 234
239 264
240 298
242 260
244 277
248 266
248 284
250 273
252 268
255 260
260 292
273 291
279 281
286 296
